6400 4800
1 _LAND1 0 32 
2 _LAND1 64 32 
3 _LAND1 128 32 
4 _LAND1 192 32 
5 _LAND1 256 32 
6 _LAND1 320 32 
7 _LAND1 384 32 
8 _LAND1 448 32 
9 _LAND1 512 32 
10 _LAND1 576 32 
11 _LAND1 640 32 
12 _LAND1 704 32 
13 _LAND1 768 32 
14 _LAND1 832 32 
15 _LAND1 896 32 
16 _LAND1 960 32 
17 _LAND1 1024 32 
18 _LAND1 1088 32 
19 _LAND1 1152 32 
20 _LAND1 1216 32 
21 _LAND1 1280 32 
22 _LAND1 1408 32 
23 _LAND1 1472 32 
24 _LAND1 1536 32 
25 _LAND1 1600 32 
26 _LAND1 1664 32 
27 _LAND1 1728 32 
28 _LAND1 1792 32 
29 _LAND1 0 64 
30 _LAND1 64 64 
31 _LAND1 128 64 
32 _LAND1 192 64 
33 _LAND1 256 64 
34 _LAND1 320 64 
35 _LAND1 384 64 
36 _LAND1 448 64 
37 _LAND1 512 64 
38 _LAND1 576 64 
39 _LAND1 640 64 
40 _LAND1 704 64 
41 _LAND1 768 64 
42 _LAND1 832 64 
43 _LAND1 896 64 
44 _LAND1 960 64 
45 _LAND1 1024 64 
46 _LAND1 1088 64 
47 _LAND1 1152 64 
48 _LAND1 1216 64 
49 _LAND1 1280 64 
50 _LAND1 1408 64 
51 _LAND1 1472 64 
52 _LAND1 1536 64 
53 _LAND1 1600 64 
54 _LAND1 1664 64 
55 _LAND1 1728 64 
56 _LAND1 1792 64 
57 LAND1 0 96 
58 LAND1 32 96 
59 LAND1 64 96 
60 LAND1 96 96 
61 LAND1 128 96 
62 LAND1 160 96 
63 LAND1 192 96 
64 LAND1 224 96 
65 LAND1 256 96 
66 LAND1 288 96 
67 LAND1 320 96 
68 LAND1 352 96 
69 LAND1 384 96 
70 LAND1 416 96 
71 LAND1 448 96 
72 LAND1 480 96 
73 LAND1 512 96 
74 LAND1 544 96 
75 LAND1 576 96 
76 LAND1 608 96 
77 LAND1 640 96 
78 LAND1 672 96 
79 LAND1 704 96 
80 LAND1 736 96 
81 LAND1 768 96 
82 LAND1 800 96 
83 LAND1 832 96 
84 LAND1 864 96 
85 LAND1 896 96 
86 LAND1 928 96 
87 LAND1 960 96 
88 LAND1 992 96 
89 LAND1 1024 96 
90 LAND1 1056 96 
91 LAND1 1088 96 
92 LAND1 1120 96 
93 LAND1 0 288 
94 LAND1 32 288 
95 LAND1 64 288 
96 LAND1 96 288 
97 LAND1 128 288 
98 LAND1 160 288 
99 LAND1 192 288 
100 LAND1 224 288 
101 LAND1 256 288 
102 LAND1 288 288 
103 LAND1 320 288 
104 LAND1 352 288 
105 LAND1 448 288 
106 LAND1 480 288 
107 LAND1 512 288 
108 LAND1 544 288 
109 LAND1 576 288 
110 LAND1 608 288 
111 LAND1 640 288 
112 LAND1 672 288 
113 LAND1 704 288 
114 LAND1 736 288 
115 LAND1 768 288 
116 LAND1 800 288 
117 LAND1 832 288 
118 LAND1 864 288 
119 LAND3 256 353 
120 LAND3 257 160 
121 LAND3 320 161 
122 LAND3 321 225 
123 LAND3 768 353 
124 LAND3 769 161 
125 LAND3 833 160 
126 LAND3 832 225 
127 LAND1 1536 96 
128 LAND1 1568 96 
129 LAND1 1600 96 
130 LAND1 1632 96 
131 LAND1 1664 96 
132 LAND1 1696 96 
133 LAND1 1728 96 
134 LAND1 1760 96 
135 LAND1 1792 96 
136 LAND1 1824 96 
137 LAND1 960 288 
138 LAND1 992 288 
139 LAND1 1056 256 
140 LAND1 1088 256 
141 LAND1 1216 224 
142 LAND1 1248 224 
143 LAND1 1280 224 
144 LAND1 1312 224 
145 LAND1 1408 192 
146 LAND1 1440 192 
147 LAND1 1728 192 
148 LAND1 1760 192 
149 LAND1 1152 160 
150 LAND1 1184 160 
151 LAND1 1472 128 
152 LAND1 1504 128 
153 _LAND1 1152 96 
154 _LAND1 1216 96 
155 _LAND1 1280 96 
156 _LAND1 1408 96 
157 _LAND1 1472 96 
158 _LAND1 1152 128 
159 _LAND1 1216 128 
160 _LAND1 1280 128 
161 _LAND1 1408 128 
162 _LAND1 1216 160 
163 _LAND1 1280 160 
164 _LAND1 1216 192 
165 _LAND1 1280 192 
166 _LAND1 1408 160 
167 LAND1 1792 192 
168 _LAND1 1856 32 
169 _LAND1 1920 32 
170 _LAND1 1984 32 
171 _LAND1 1856 64 
172 _LAND1 1920 64 
173 _LAND1 1984 64 
174 LAND1 1856 96 
175 _LAND1 1888 96 
176 _LAND1 1952 96 
177 LAND1 1888 160 
178 _LAND1 2016 96 
179 _LAND1 1888 128 
180 _LAND1 1952 128 
181 _LAND1 2016 128 
182 _LAND1 1920 160 
183 _LAND1 1984 160 
184 _LAND1 1920 192 
185 _LAND1 1984 192 
186 _LAND1 1920 224 
187 _LAND1 1984 224 
188 _LAND1 1920 256 
189 _LAND1 1984 256 
190 _LAND1 1920 288 
191 _LAND1 1984 288 
192 _LAND1 1824 320 
193 _LAND1 1888 320 
194 _LAND1 1952 320 
195 LAND1 1824 352 
196 LAND1 1856 352 
197 LAND1 1888 352 
198 LAND1 1920 352 
199 LAND1 1952 352 
200 LAND1 1984 352 
201 _LAND1 2016 320 
202 _LAND1 2016 352 
203 _LAND1 2016 384 
204 _LAND1 2016 416 
205 _LAND1 2016 448 
206 _LAND1 2016 480 
207 _LAND1 2016 512 
208 _LAND1 2016 544 
209 _LAND1 2016 576 
210 _LAND1 2016 608 
211 _LAND1 2016 640 
212 _LAND1 2016 672 
213 _LAND1 2016 704 
214 _LAND1 2016 736 
215 _LAND1 2016 768 
216 _LAND1 2016 800 
217 _LAND1 2016 832 
218 _LAND1 2016 864 
219 _LAND1 2016 896 
220 _LAND1 2016 928 
221 _LAND1 2016 960 
222 _LAND1 2016 992 
223 _LAND1 2016 1024 
224 _LAND1 2016 1056 
225 _LAND1 2016 1088 
226 _LAND1 2016 1120 
227 _LAND1 2016 1152 
228 _LAND1 2016 1184 
229 _LAND1 2016 1216 
230 _LAND1 2016 1248 
231 _LAND1 2016 1280 
232 _LAND1 2016 1312 
233 _LAND1 2016 1376 
234 _LAND1 2016 1408 
235 _LAND1 2016 1440 
236 _LAND1 2016 1472 
237 _LAND1 2016 1504 
238 _LAND1 2016 1536 
239 _LAND1 2016 1568 
240 _LAND1 2016 1600 
241 _LAND1 2016 1632 
242 _LAND1 2016 1664 
243 _LAND1 2016 1696 
244 _LAND1 2016 1728 
245 _LAND1 2016 1760 
246 _LAND1 2016 1792 
247 _LAND1 2016 1824 
248 _LAND1 2016 1856 
249 _LAND1 2016 1888 
250 _LAND1 2016 1920 
251 _LAND1 2016 1952 
252 _LAND1 2016 1984 
253 LAND1 1568 544 
254 LAND1 1600 544 
255 LAND1 1632 544 
256 LAND1 1664 544 
257 LAND1 1696 544 
258 LAND1 1728 544 
259 LAND1 1760 544 
260 LAND1 1792 544 
261 LAND1 1824 544 
262 LAND1 1856 544 
263 LAND1 1953 544 
264 LAND1 1760 736 
265 LAND1 1792 736 
266 LAND1 1824 800 
267 LAND1 1856 800 
268 LAND1 1888 864 
269 LAND1 1920 864 
270 LAND1 1952 864 
271 LAND1 1984 864 
272 LAND1 1856 1024 
273 LAND1 1888 1024 
274 LAND1 1920 1024 
275 LAND1 1952 1024 
276 LAND1 1664 1088 
277 LAND1 1696 1088 
278 LAND1 1729 1023 
279 LAND1 1952 1344 
280 LAND1 1984 1344 
281 LAND1 1888 1280 
282 LAND1 1920 1280 
283 LAND1 1856 1504 
284 LAND1 1888 1504 
285 LAND1 1920 1504 
286 LAND1 1952 1504 
287 LAND1 1664 1504 
288 LAND1 1696 1504 
289 LAND1 1728 1504 
290 LAND1 1760 1504 
291 LAND1 1728 1664 
292 LAND1 1760 1664 
293 LAND1 1792 1664 
294 LAND1 1824 1664 
295 LAND1 1856 1664 
296 LAND1 1888 1664 
297 LAND1 1920 1664 
298 LAND1 1665 1663 
299 LAND1 1664 1760 
300 LAND1 1696 1760 
301 LAND1 1728 1760 
302 LAND1 1760 1760 
303 LAND1 1792 1760 
304 LAND1 1696 1984 
305 LAND1 1728 1984 
306 LAND1 1760 1984 
307 LAND1 1792 1984 
308 LAND1 1824 1984 
309 LAND1 1856 1984 
310 LAND1 1888 1984 
311 LAND1 1920 1984 
312 _LAND1 2016 1344 
313 LAND1 1952 2016 
314 LAND1 1984 2016 
315 LAND1 2016 2016 
316 LAND1 2048 2016 
317 LAND1 2080 2016 
318 LAND1 2112 2016 
319 LAND1 2144 2016 
320 LAND1 2176 2080 
321 LAND1 2208 2080 
322 LAND1 2240 2144 
323 LAND1 2272 2144 
324 LAND1 2304 2144 
325 LAND1 2336 2144 
326 LAND1 2048 2176 
327 LAND1 2080 2176 
328 LAND1 2432 2112 
329 LAND1 2464 2112 
330 LAND1 2496 2048 
331 LAND1 2528 2048 
332 LAND1 2560 2016 
333 LAND1 2592 2016 
334 LAND1 2624 2016 
335 LAND1 2656 2016 
336 LAND1 2688 2016 
337 LAND1 2720 2016 
338 LAND1 2752 2016 
339 LAND1 2784 2016 
340 LAND1 2816 2016 
341 LAND1 2848 2016 
342 LAND1 2880 2080 
343 LAND1 2720 2112 
344 LAND1 2752 2112 
345 LAND1 2784 2112 
346 LAND1 2720 2272 
347 LAND1 2816 2272 
348 LAND1 2848 2272 
349 LAND1 2880 2272 
350 LAND1 2912 2272 
351 LAND1 2592 2496 
352 LAND1 2624 2496 
353 LAND1 2656 2496 
354 LAND1 2688 2496 
355 LAND1 2720 2496 
356 LAND1 2752 2496 
357 LAND1 2784 2496 
358 LAND1 2816 2496 
359 LAND1 2848 2496 
360 LAND1 2880 2496 
361 LAND1 2560 2496 
362 LAND1 2560 2656 
363 LAND1 2592 2656 
364 LAND1 2656 2656 
365 LAND1 2880 2656 
366 LAND1 2912 2656 
367 LAND1 2752 2688 
368 LAND1 2784 2688 
369 LAND1 2880 2752 
370 LAND1 2912 2752 
371 LAND1 2560 2752 
372 LAND1 2592 2752 
373 LAND1 2720 2944 
374 LAND1 2752 2944 
375 LAND1 2784 2944 
376 LAND1 2816 2944 
377 LAND1 2848 2944 
378 LAND1 2880 2944 
379 LAND1 2689 2944 
380 LAND1 2752 3040 
381 LAND1 2784 3040 
382 LAND1 2560 3040 
383 LAND1 2592 3040 
384 LAND1 2624 3040 
385 LAND1 2656 3040 
386 LAND3 2561 3105 
387 LAND1 2816 3104 
388 LAND1 2848 3104 
389 LADDER10 2561 3424 
390 LAND1 2880 3168 
391 LAND1 2912 3168 
392 LAND1 2593 3424 
393 LAND1 2688 3520 
394 LAND1 2720 3520 
395 LAND1 2752 3520 
396 LAND1 2784 3520 
397 LAND1 2816 3520 
398 LAND1 2848 3520 
399 LAND1 2624 3520 
400 LAND1 2656 3520 
401 LAND1 2560 3648 
402 LAND1 2912 3648 
403 LAND1 2624 3904 
404 LAND1 2656 3904 
405 LAND1 2688 3904 
406 LAND1 2720 3904 
407 LAND1 2752 3904 
408 LAND1 2784 3904 
409 LAND1 2816 3904 
410 LAND1 2848 3904 
411 LAND1 2880 3904 
412 LAND1 2593 3648 
413 LAND1 2561 3904 
414 LAND1 2881 3648 
415 LAND1 2912 3904 
416 LAND1 2944 3936 
417 LAND1 2976 3936 
418 LAND1 3008 4000 
419 LAND1 3040 4000 
420 LAND1 3072 4064 
421 LAND1 3104 4064 
422 LAND1 3136 4064 
423 LAND1 3168 4064 
424 LAND1 3200 4128 
425 LAND1 3232 4128 
426 LAND1 3264 4128 
427 LAND1 3296 4128 
428 LAND1 3328 4128 
429 LAND1 3360 4128 
430 LAND1 3392 4128 
431 LAND1 3424 4128 
432 LAND1 3456 4128 
433 LAND1 3488 4128 
434 LAND1 3520 4064 
435 LAND1 3552 4064 
436 LAND1 3584 4064 
437 LAND1 3616 4064 
438 LAND1 3648 4064 
439 LAND1 3680 4064 
440 LAND1 3712 4064 
441 LAND1 3744 4064 
442 LAND1 3776 4064 
443 LAND1 3808 4064 
444 LAND1 3840 4064 
445 LAND1 3872 4064 
446 LAND1 3584 3936 
447 LAND1 3616 3936 
448 LAND1 3648 3936 
449 LAND1 3680 3936 
450 LAND1 3712 3936 
451 LAND1 3744 3936 
452 LAND1 3776 3936 
453 LAND1 3808 3936 
454 LAND1 3840 3936 
455 LAND1 3872 3936 
456 LAND1 3936 3935 
457 LAND1 3776 3744 
458 LAND1 3808 3744 
459 LAND1 3840 3744 
460 LAND1 3872 3744 
461 LAND1 3904 3744 
462 LAND1 3936 3744 
463 LAND1 3713 3743 
464 LAND1 3969 3744 
465 LAND1 3872 3552 
466 LAND1 3904 3552 
467 LAND1 3744 3552 
468 LAND1 3776 3552 
469 LAND1 3616 3424 
470 LAND1 3648 3424 
471 LAND1 3680 3424 
472 LAND1 3712 3424 
473 LAND1 3777 3424 
474 LAND1 3744 3200 
475 LAND1 3776 3200 
476 LAND1 3776 3040 
477 LAND1 3808 3040 
478 LAND1 3968 3040 
479 LAND1 4000 3040 
480 LAND1 3968 3200 
481 LAND1 4000 3200 
482 LAND1 3648 2912 
483 LAND1 3680 2912 
484 LAND1 3712 2912 
485 LAND1 3744 2912 
486 LAND1 3776 2912 
487 LAND1 3808 2880 
488 LAND1 3840 2880 
489 LAND1 3872 2880 
490 LAND1 3904 2880 
491 LAND1 3936 2880 
492 LAND1 3968 2880 
493 LAND1 4000 2880 
494 LAND1 4032 2880 
495 LAND3 3616 2592 
496 LAND3 3681 2592 
497 LAND3 3680 2529 
498 LAND3 3744 2528 
499 LAND1 3808 2464 
500 LAND1 3840 2464 
501 LAND1 3872 2464 
502 LAND1 3904 2464 
503 LAND1 3936 2464 
504 LAND1 3968 2464 
505 LAND1 4000 2464 
506 LAND1 4032 2464 
507 LAND1 4064 2464 
508 LAND1 4096 2464 
509 LAND1 4128 2464 
510 LAND1 4192 2464 
511 LAND1 4224 2464 
512 LAND1 4256 2464 
513 LAND1 4288 2464 
514 LAND1 4320 2464 
515 LAND1 4352 2464 
516 LAND1 4384 2464 
517 LAND1 4160 2464 
518 LAND1 4416 2528 
519 LAND1 4448 2528 
520 LAND1 4480 2528 
521 LAND1 4512 2528 
522 LAND1 4544 2528 
523 LAND1 4576 2528 
524 LAND1 4608 2528 
525 LAND1 4640 2528 
526 LAND1 4672 2528 
527 LAND1 4704 2528 
528 LAND1 4736 2528 
529 LAND1 4768 2528 
530 LAND1 4800 2528 
531 LAND1 4832 2528 
532 LAND1 4864 2528 
533 LAND1 4896 2528 
534 LAND1 4928 2528 
535 LAND1 4960 2528 
536 LAND1 4992 2528 
537 LAND1 5024 2528 
538 LAND1 4608 2688 
539 LAND1 4640 2688 
540 LAND1 4672 2688 
541 LAND1 4704 2688 
542 LAND1 4736 2688 
543 LAND1 4768 2688 
544 LAND1 4800 2688 
545 LAND1 4832 2688 
546 LAND1 4864 2688 
547 LAND1 4896 2688 
548 LAND1 4928 2688 
549 LAND1 4960 2688 
550 LAND1 4992 2688 
551 LAND1 5024 2688 
552 _LAND1 1569 511 
553 _LAND1 1696 512 
554 _LAND1 1632 512 
555 _LAND1 1760 512 
556 _LAND1 1824 512 
557 _LAND1 1760 705 
558 _LAND1 1824 704 
559 _LAND1 1888 704 
560 _LAND1 1825 735 
561 _LAND1 1824 766 
562 _LAND1 1888 832 
563 _LAND1 1951 833 
564 _LAND1 1888 800 
565 _LAND1 1952 801 
566 _LAND1 1889 768 
567 _LAND1 1889 734 
568 _LAND1 1953 769 
569 _LAND1 1953 736 
570 _LAND1 1953 704 
571 _LAND1 1664 1056 
572 _LAND1 1664 1024 
573 _LAND1 1857 991 
574 _LAND1 1921 992 
575 _LAND1 1888 1248 
576 _LAND1 1952 1249 
577 _LAND1 1953 1280 
578 _LAND1 1953 1313 
579 LAND1 1823 1216 
580 _LAND1 1855 1472 
581 _LAND1 1919 1472 
582 _LAND1 1664 1471 
583 _LAND1 1726 1472 
584 _LAND1 1952 1665 
585 _LAND1 1953 1633 
586 _LAND1 1952 1696 
587 _LAND1 1952 1728 
588 _LAND1 1952 1759 
589 _LAND1 1952 1791 
590 _LAND1 1696 1953 
591 _LAND1 1760 1953 
592 _LAND1 1824 1953 
593 _LAND1 1887 1954 
594 _LAND1 1952 1984 
595 _LAND1 1951 1953 
596 _LAND1 1888 1921 
597 _LAND1 1823 1921 
598 _LAND1 1760 1921 
599 _LAND1 1824 1889 
600 _LAND1 1888 1888 
601 _LAND1 1952 1887 
602 _LAND1 1889 1856 
603 _LAND1 1953 1855 
604 _LAND1 1951 1823 
605 _LAND1 1953 1921 
606 _LAND1 2176 2047 
607 _LAND1 2175 2015 
608 _LAND1 2241 2111 
609 _LAND1 2304 2113 
610 _LAND1 2241 2078 
611 _LAND1 2304 2079 
612 _LAND1 2240 2047 
613 _LAND1 2304 2046 
614 _LAND1 2240 2015 
615 _LAND1 2305 2014 
616 _LAND1 2432 2079 
617 _LAND1 2432 2046 
618 _LAND1 2432 2014 
619 _LAND1 2496 2014 
620 _LAND1 2080 1983 
621 _LAND1 2144 1984 
622 _LAND1 2208 1983 
623 _LAND1 2305 1982 
624 _LAND1 2432 1982 
625 _LAND1 2496 1982 
626 _LAND1 2304 1951 
627 _LAND1 2240 1951 
628 _LAND1 2081 1951 
629 _LAND1 2145 1951 
630 _LAND1 2432 1950 
631 _LAND1 2497 1950 
632 _LAND1 2561 1983 
633 _LAND1 2560 1952 
634 _LAND1 2624 1984 
635 _LAND1 2625 1952 
636 _LAND1 2689 1983 
637 _LAND1 2689 1951 
638 _LAND1 2751 1985 
639 _LAND1 2754 1952 
640 _LAND1 2816 1984 
641 _LAND1 2819 1952 
642 _LAND1 2882 2048 
643 _LAND1 2883 2016 
644 _LAND1 2881 1983 
645 _LAND1 2883 1951 
646 _LAND1 2913 2079 
647 _LAND1 2977 2079 
648 _LAND1 2946 2046 
649 _LAND1 3011 2046 
650 _LAND1 2947 2013 
651 _LAND1 2945 1983 
652 _LAND1 2947 1951 
653 _LAND1 3011 2014 
654 _LAND1 3011 1982 
655 _LAND1 3012 1949 
656 _LAND1 2914 2111 
657 _LAND1 2978 2111 
658 _LAND1 2912 2177 
659 _LAND1 2913 2144 
660 _LAND1 2912 2208 
661 _LAND1 2913 2240 
662 _LAND1 2945 2272 
663 _LAND1 2977 2145 
664 _LAND1 2977 2176 
665 _LAND1 2977 2209 
666 _LAND1 2978 2240 
667 _LAND1 2944 2305 
668 _LAND1 2944 2337 
669 _LAND1 2945 2368 
670 _LAND1 2944 2401 
671 _LAND1 2945 2432 
672 _LAND1 2944 2462 
673 _LAND1 2944 2495 
674 _LAND1 2494 2497 
675 _LAND1 2848 2462 
676 _LAND1 2784 2463 
677 _LAND1 2720 2463 
678 _LAND1 2655 2463 
679 _LAND1 2592 2463 
680 _LAND1 2527 2464 
681 _LAND1 2465 2464 
682 _LAND1 2465 2432 
683 _LAND1 2530 2432 
684 _LAND1 2594 2430 
685 _LAND1 2659 2430 
686 _LAND1 2723 2431 
687 _LAND1 2787 2431 
688 _LAND1 2851 2429 
689 _LAND1 2945 2655 
690 _LAND1 2944 2624 
691 _LAND1 2944 2591 
692 _LAND1 2944 2559 
693 _LAND1 2944 2526 
694 _LAND1 2945 2687 
695 _LAND1 2944 2721 
696 _LAND1 2945 2752 
697 _LAND1 2945 2945 
698 _LAND1 2945 2912 
699 _LAND1 2945 2880 
700 _LAND1 2945 2848 
701 _LAND1 2945 2815 
702 _LAND1 2944 2784 
703 _LAND1 2496 2752 
704 _LAND1 2495 2721 
705 _LAND1 2497 2689 
706 _LAND1 2496 2656 
707 _LAND1 2496 2623 
708 _LAND1 2497 2591 
709 _LAND1 2496 2559 
710 _LAND1 2495 2528 
711 _LAND1 2497 2784 
712 _LAND1 2496 2816 
713 _LAND1 2497 2849 
714 _LAND1 2498 2881 
715 _LAND1 2560 3007 
716 _LAND1 2624 3009 
717 _LAND1 2560 2974 
718 _LAND1 2625 2975 
719 _LAND1 2561 2942 
720 _LAND1 2625 2942 
721 _LAND1 2848 2912 
722 _LAND1 2783 2912 
723 _LAND1 2721 2913 
724 _LAND1 2655 2910 
725 _LAND1 2592 2909 
726 _LAND1 2529 2910 
727 _LAND1 2497 3103 
728 _LAND1 2496 3071 
729 _LAND1 2497 3038 
730 _LAND1 2497 3005 
731 _LAND1 2496 2973 
732 _LAND1 2496 2940 
733 _LAND1 2464 2911 
734 _LAND1 2498 3423 
735 _LAND1 2496 3390 
736 _LAND1 2496 3358 
737 _LAND1 2497 3326 
738 _LAND1 2496 3294 
739 _LAND1 2496 3262 
740 _LAND1 2497 3230 
741 _LAND1 2497 3198 
742 _LAND1 2496 3167 
743 _LAND1 2495 3136 
744 _LAND1 2944 3009 
745 _LAND1 2944 2975 
746 _LAND1 2944 3039 
747 _LAND1 2945 3071 
748 _LAND1 2945 3105 
749 _LAND1 2945 3137 
750 _LAND1 2945 3166 
751 _LAND1 2944 3199 
752 _LAND1 2944 3231 
753 _LAND1 2945 3264 
754 _LAND1 2945 3298 
755 _LAND1 2945 3329 
756 _LAND1 2944 3359 
757 _LAND1 2945 3393 
758 _LAND1 2945 3425 
759 _LAND1 2945 3456 
760 _LAND1 2945 3488 
761 _LAND1 2944 3520 
762 _LAND1 2944 3553 
763 _LAND1 2943 3585 
764 _LAND1 2945 3616 
765 _LAND1 2946 3649 
766 _LAND1 2947 3680 
767 _LAND1 2945 3712 
768 _LAND1 2945 3744 
769 _LAND1 2944 3776 
770 _LAND1 2945 3808 
771 _LAND1 2944 3840 
772 _LAND1 2945 3871 
773 _LAND1 2944 3903 
774 _LAND1 1520 1891 
775 _LAND1 2495 3905 
776 _LAND1 2495 3871 
777 _LAND1 2497 3838 
778 _LAND1 2497 3805 
779 _LAND1 2496 3774 
780 _LAND1 2495 3742 
781 _LAND1 2496 3709 
782 _LAND1 2496 3677 
783 _LAND1 2496 3645 
784 _LAND1 2496 3612 
785 _LAND1 2496 3580 
786 _LAND1 2496 3548 
787 _LAND1 2496 3515 
788 _LAND1 2495 3486 
789 _LAND1 2495 3454 
790 _LAND1 2497 3936 
791 _LAND1 2496 3966 
792 _LAND1 2497 3998 
793 _LAND1 2496 4029 
794 _LAND1 2495 4064 
795 _LAND1 2494 4096 
796 _LAND1 2496 4128 
797 _LAND1 2495 4159 
798 _LAND1 2495 4192 
799 _LAND1 2497 4224 
800 _LAND1 2624 3488 
801 _LAND1 2689 3488 
802 _LAND1 2753 3489 
803 _LAND1 2817 3487 
804 _LAND1 2882 3519 
805 _LAND1 2880 3616 
806 _LAND1 2880 3584 
807 _LAND1 2881 3551 
808 _LAND1 2881 3488 
809 _LAND1 2625 3455 
810 _LAND1 2689 3456 
811 _LAND1 2754 3456 
812 _LAND1 2818 3455 
813 _LAND1 2881 3456 
814 _LAND1 2627 3422 
815 _LAND1 2692 3423 
816 _LAND1 2756 3423 
817 _LAND1 2820 3421 
818 _LAND1 2886 3423 
819 LAND3 2687 3587 
820 _LAND1 2624 3872 
821 _LAND1 2688 3872 
822 _LAND1 2750 3873 
823 _LAND1 2815 3873 
824 _LAND1 2880 3872 
825 _LAND1 2624 3839 
826 _LAND1 2689 3840 
827 _LAND1 2752 3841 
828 _LAND1 2816 3841 
829 _LAND1 2880 3839 
830 _LAND1 2624 3807 
831 _LAND1 2688 3809 
832 _LAND1 2753 3808 
833 _LAND1 2817 3809 
834 _LAND1 2881 3807 
835 _LAND1 3007 3968 
836 _LAND1 3010 3936 
837 _LAND1 3008 3905 
838 _LAND1 3009 3872 
839 _LAND1 3074 4030 
840 _LAND1 3139 4031 
841 _LAND1 3072 4000 
842 _LAND1 3138 3999 
843 _LAND1 3073 3968 
844 _LAND1 3074 3936 
845 _LAND1 3137 3968 
846 _LAND1 3139 3936 
847 _LAND1 3073 3904 
848 _LAND1 3137 3904 
849 _LAND1 3074 3872 
850 _LAND1 3138 3872 
851 _LAND1 3201 4094 
852 _LAND1 3265 4095 
853 _LAND1 3330 4096 
854 _LAND1 3395 4096 
855 _LAND1 3459 4097 
856 _LAND1 3201 4061 
857 _LAND1 3265 4063 
858 _LAND1 3330 4063 
859 _LAND1 3395 4062 
860 _LAND1 3460 4064 
861 _LAND1 3203 4029 
862 _LAND1 3268 4030 
863 _LAND1 3333 4030 
864 _LAND1 3397 4030 
865 _LAND1 3461 4031 
866 _LAND1 3526 4032 
867 _LAND1 3590 4032 
868 _LAND1 3654 4033 
869 _LAND1 3718 4032 
870 _LAND1 3780 4033 
871 _LAND1 3844 4032 
872 _LAND1 3523 3999 
873 _LAND1 3456 3997 
874 _LAND1 3391 3998 
875 _LAND1 3326 3998 
876 _LAND1 3265 3997 
877 _LAND1 3203 3997 
878 _LAND1 3520 3968 
879 _LAND1 3521 3936 
880 _LAND1 3521 3904 
881 _LAND1 3586 3904 
882 _LAND1 3652 3904 
883 _LAND1 3717 3903 
884 _LAND1 3783 3903 
885 _LAND1 3847 3903 
886 _LAND1 3202 3871 
887 _LAND1 3201 3904 
888 _LAND1 3203 3934 
889 _LAND1 3202 3965 
890 _LAND1 3266 3965 
891 _LAND1 3329 3966 
892 _LAND1 3393 3965 
893 _LAND1 3457 3963 
894 _LAND1 3455 3933 
895 _LAND1 3456 3900 
896 _LAND1 3392 3933 
897 _LAND1 3393 3901 
898 _LAND1 3328 3933 
899 _LAND1 3329 3900 
900 _LAND1 3267 3932 
901 _LAND1 3266 3900 
902 _LAND1 3266 3868 
903 _LAND1 3330 3868 
904 _LAND1 3395 3867 
905 _LAND1 3459 3867 
906 _LAND1 3523 3870 
907 _LAND1 3586 3872 
908 _LAND1 3651 3870 
909 _LAND1 3715 3872 
910 _LAND1 3779 3870 
911 _LAND1 3845 3870 
912 _LAND1 3649 3744 
913 _LAND1 3585 3741 
914 _LAND1 3648 3776 
915 _LAND1 3584 3774 
916 _LAND1 3648 3806 
917 _LAND1 3583 3807 
918 _LAND1 3582 3838 
919 _LAND1 3647 3838 
920 _LAND1 3713 3837 
921 _LAND1 3550 3424 
922 _LAND1 3552 3454 
923 _LAND1 3551 3486 
924 _LAND1 3552 3519 
925 _LAND1 3552 3551 
926 _LAND1 3553 3584 
927 _LAND1 3551 3617 
928 _LAND1 3552 3648 
929 _LAND1 3552 3679 
930 _LAND1 3550 3712 
931 _LAND1 3679 3711 
932 _LAND1 3616 3709 
933 _LAND1 3616 3677 
934 _LAND1 3617 3644 
935 _LAND1 3551 3391 
936 _LAND1 3553 3358 
937 _LAND1 3553 3326 
938 _LAND1 3552 3294 
939 _LAND1 3552 3261 
940 _LAND1 3553 2912 
941 _LAND1 3552 2942 
942 _LAND1 3551 2975 
943 _LAND1 3552 3007 
944 _LAND1 3553 3037 
945 _LAND1 3552 3069 
946 _LAND1 3552 3104 
947 _LAND1 3552 3136 
948 _LAND1 3552 3167 
949 _LAND1 3552 3195 
950 _LAND1 3552 3227 
951 _LAND1 3552 2880 
952 _LAND1 3553 2847 
953 _LAND1 3552 2818 
954 _LAND1 3552 2786 
955 _LAND1 3554 2754 
956 _LAND1 3553 2722 
957 _LAND1 3553 2689 
958 _LAND1 3553 2657 
959 _LAND1 3552 2626 
960 _LAND1 3553 2594 
961 _LAND1 3552 2562 
962 _LAND1 3617 2530 
963 _LAND1 3552 2528 
964 _LAND1 3617 2495 
965 _LAND1 3552 2496 
966 _LAND1 3743 2465 
967 _LAND1 3680 2466 
968 _LAND1 3616 2463 
969 _LAND1 3550 2465 
970 _LAND1 4418 2496 
971 _LAND1 4483 2496 
972 _LAND1 4417 2464 
973 _LAND1 4482 2465 
974 _LAND1 4548 2497 
975 _LAND1 4547 2464 
976 _LAND1 4743 2495 
977 _LAND1 4808 2495 
978 _LAND1 4873 2496 
979 _LAND1 4613 2495 
980 _LAND1 4677 2496 
981 _LAND1 4937 2496 
982 _LAND1 5000 2497 
983 _LAND1 4613 2463 
984 _LAND1 4679 2464 
985 _LAND1 4744 2461 
986 _LAND1 4807 2462 
987 _LAND1 4872 2465 
988 _LAND1 4937 2464 
989 _LAND1 5002 2465 
990 _LAND1 3552 2430 
991 _LAND1 3553 2396 
992 _LAND1 3616 2431 
993 _LAND1 3681 2433 
994 _LAND1 3746 2433 
995 _LAND1 3618 2397 
996 _LAND1 3682 2401 
997 _LAND1 3746 2401 
998 _LAND1 3811 2431 
999 _LAND1 3811 2399 
1000 _LAND1 3875 2431 
1001 _LAND1 3939 2430 
1002 _LAND1 3876 2399 
1003 _LAND1 3940 2398 
1004 _LAND1 4002 2432 
1005 _LAND1 4066 2431 
1006 _LAND1 4129 2432 
1007 _LAND1 4193 2432 
1008 _LAND1 4259 2433 
1009 _LAND1 4324 2432 
1010 _LAND1 4389 2432 
1011 _LAND1 4004 2399 
1012 _LAND1 4068 2398 
1013 _LAND1 4133 2400 
1014 _LAND1 4198 2400 
1015 _LAND1 4262 2400 
1016 _LAND1 4327 2400 
1017 _LAND1 4392 2400 
1018 _LAND1 4994 2722 
1019 _LAND1 4994 2753 
1020 _LAND1 4994 2785 
1021 _LAND1 4993 2815 
1022 _LAND1 4993 2849 
1023 LAND1 5056 2528 
1024 LAND1 5088 2528 
1025 _LAND1 5065 2495 
1026 _LAND1 5066 2463 
1027 LAND3 5124 2527 
1028 LAND3 5188 2525 
1029 LAND1 5120 2464 
1030 LAND1 5152 2464 
1031 LAND1 5184 2464 
1032 LAND1 5216 2464 
1033 LAND1 5248 2464 
1034 LAND1 5280 2464 
1035 LAND1 5312 2464 
1036 LAND1 5344 2464 
1037 LAND1 5376 2464 
1038 LAND1 5408 2464 
1039 LAND1 5440 2464 
1040 LAND1 5472 2464 
1041 LAND1 5504 2464 
1042 LAND1 5536 2464 
1043 LAND1 5568 2464 
1044 _LAND1 5602 2497 
1045 _LAND1 5601 2463 
1046 _LAND1 5601 2558 
1047 _LAND1 5602 2525 
1048 _LAND1 5599 2592 
1049 _LAND1 5601 2624 
1050 _LAND1 5599 2655 
1051 _LAND1 5601 2689 
1052 _LAND1 5601 2723 
1053 _LAND1 5602 2752 
1054 _LAND1 5602 2785 
1055 _LAND1 5602 2849 
1056 _LAND1 4993 2881 
1057 _LAND1 4991 2912 
1058 _LAND1 5056 2913 
1059 _LAND1 5120 2913 
1060 _LAND1 5184 2914 
1061 _LAND1 5249 2912 
1062 _LAND1 5313 2912 
1063 _LAND1 5377 2911 
1064 _LAND1 5443 2910 
1065 _LAND1 5509 2909 
1066 _LAND1 5573 2912 
1067 _LAND1 5603 2879 
1068 _LAND1 5601 2815 
1069 _LAND1 5637 2911 
1070 _LAND1 3616 3392 
1071 _LAND1 3680 3391 
1072 _LAND1 3617 3359 
1073 _LAND1 3682 3359 
1074 _LAND1 3618 3327 
1075 _LAND1 3682 3327 
1076 _LAND1 3616 3294 
1077 _LAND1 3680 3294 
1078 _LAND1 3680 3261 
1079 _LAND1 3681 3229 
1080 _LAND1 3680 3196 
1081 _LAND1 3681 3163 
1082 _LAND1 3616 3261 
1083 _LAND1 3614 3229 
1084 _LAND1 3616 3196 
1085 _LAND1 3617 3163 
1086 _LAND1 3746 3166 
1087 _LAND1 3616 3132 
1088 _LAND1 3616 3098 
1089 _LAND1 3522 3834 
1090 _LAND1 3522 3802 
1091 _LAND1 3520 3770 
1092 _LAND1 3519 3737 
<End>