2318 1147
0 LAND 82 34
1 LAND 220 34
2 LAND 358 34
3 LAND 498 34
4 LAND 638 34
5 LAND 778 34
6 LAND 918 34
7 LAND 1058 34
8 LAND 1198 34
9 LAND 1338 34
10 LAND 82 94
11 LAND 1478 34
12 LAND 1114 330
13 LAND 1618 34
14 LAND 1758 34
15 LAND 82 632
16 LAND 1898 34
17 LAND 2178 34
18 LAND 82 154
19 LAND 566 808
20 LAND 82 214
21 LAND 82 274
22 LAND 82 574
23 LAND 82 514
24 LAND 82 394
25 LAND 82 334
26 LAND 706 688
27 LAND 82 454
28 LAND 82 808
29 LAND 82 690
30 LAND 82 748
31 LAND 642 748
32 LAND 426 808
33 LAND 222 808
34 LADDER 324 518
35 LAND 776 630
36 LAND 850 570
37 LAND 916 510
38 LAND 976 450
39 LAND 1048 390
40 LAND 1400 92
41 LAND 1186 270
42 LAND 1254 210
43 LAND 1330 150
44 LAND 2318 154
45 LAND 1898 152
46 LAND 1898 92
47 LAND 2150 612
48 LAND 2150 552
49 LAND 2038 34
50 LAND 1898 212
51 LAND 2318 94
52 LAND 1896 428
53 LAND 1896 488
54 LAND 2318 34
55 LAND 2318 214
56 LAND 1590 326
57 MET 1362 210
58 OCTOPOS 325 871
59 BLADER 683 112
60 BLADER 765 112
61 OCTOPOS 1895 551
62 BREAK 1503 326
63 BREAK 1503 476
64 BREAK 1499 626
65 LAND 1588 476
66 LAND 1586 626
67 BLADER 469 886
68 BIGEYE 481 1147
69 BIGEYE 725 359
<End>
