6400 4800
1 LAND1 0 32 
2 LAND1 32 32 
3 LAND1 64 32 
4 LAND1 96 32 
5 LAND1 128 32 
6 LAND1 160 32 
7 LAND1 192 32 
8 LAND1 224 32 
9 LAND1 256 32 
10 LAND1 288 32 
11 LAND1 320 32 
12 LAND1 352 32 
13 LAND1 384 32 
14 LAND1 416 32 
15 LAND1 448 32 
16 LAND1 480 32 
17 LAND1 512 32 
18 LAND1 544 32 
19 LAND1 576 32 
20 LAND1 608 32 
21 LAND1 640 32 
22 LAND1 672 32 
23 LAND1 704 32 
24 LAND1 736 32 
25 LAND1 768 32 
26 LAND1 800 32 
27 LAND1 832 32 
28 LAND1 864 32 
29 LAND1 896 32 
30 LAND1 928 32 
31 LAND1 960 32 
32 LAND1 992 32 
33 LAND1 1024 32 
34 LAND1 1056 32 
35 LAND1 1088 32 
36 LAND1 1120 32 
37 LAND1 1152 32 
38 LAND1 1184 32 
39 LAND1 1216 32 
40 LAND1 1248 32 
41 LAND1 1280 32 
42 LAND1 1312 32 
43 LAND1 1344 32 
44 LAND1 1376 32 
45 LAND1 1408 32 
46 LAND1 1440 32 
47 LAND1 1472 32 
48 LAND1 1504 32 
49 LAND1 1536 32 
50 LAND1 1568 32 
51 LAND1 1600 32 
52 LAND1 1632 32 
53 LAND1 1664 32 
54 LAND1 1696 32 
55 LAND1 1728 32 
56 LAND1 1760 32 
57 LAND1 1792 32 
58 LAND1 1824 32 
59 LAND1 1856 32 
60 LAND1 1888 32 
61 LAND1 1920 32 
62 LAND1 1952 32 
63 LAND1 1984 32 
64 LAND1 2016 32 
65 LAND1 2048 32 
66 LAND1 2080 32 
67 LAND1 2112 32 
68 LAND1 2144 32 
69 LAND1 2176 32 
70 LAND1 2208 32 
71 LAND1 2240 32 
72 LAND1 2272 32 
73 LAND1 2304 32 
74 LAND1 2336 32 
75 LAND1 2368 32 
76 LAND1 2400 32 
77 LAND1 2432 32 
78 LAND1 2464 32 
79 LAND1 2496 32 
80 LAND1 2528 32 
81 LAND1 2560 32 
82 LAND1 2592 32 
83 LAND1 2624 32 
84 LAND1 2656 32 
85 LAND1 2688 32 
86 LAND1 2720 32 
87 LAND1 2752 32 
88 LAND1 2784 32 
89 LAND1 2816 32 
90 LAND1 2848 32 
91 LAND1 2880 32 
92 LAND1 2912 32 
93 LAND1 2944 32 
94 LAND1 2976 32 
95 LAND1 3008 32 
96 LAND1 3040 32 
97 LAND1 3072 32 
98 LAND1 3104 32 
99 LAND1 3136 32 
100 LAND1 3168 32 
101 LAND1 3200 32 
102 LAND1 3232 32 
103 LAND1 3264 32 
104 LAND1 3296 32 
105 LAND1 3328 32 
106 LAND1 3360 32 
107 LAND1 3392 32 
108 LAND1 3424 32 
109 LAND1 3456 32 
110 LAND1 3488 32 
111 LAND1 3520 32 
112 LAND1 3552 32 
113 LAND1 3584 32 
114 LAND1 3616 32 
115 LAND1 3648 32 
116 LAND1 3680 32 
117 LAND1 3712 32 
118 LAND1 3744 32 
119 LAND1 3776 32 
120 LAND1 3808 32 
121 LAND1 3840 32 
122 LAND1 3872 32 
123 LAND1 3904 32 
124 LAND1 3936 32 
125 LAND1 3968 32 
126 LAND1 4000 32 
127 LAND1 4032 32 
128 LAND1 4064 32 
129 LAND1 4096 32 
130 LAND1 4128 32 
131 LAND1 4160 32 
132 LAND1 4192 32 
133 LAND1 4224 32 
134 LAND1 4256 32 
135 LAND1 4288 32 
136 LAND1 4320 32 
137 LAND1 4352 32 
138 LAND1 4384 32 
139 LAND1 4416 32 
140 LAND1 4448 32 
141 LAND1 4480 32 
142 LAND1 4512 32 
143 LAND1 4544 32 
144 LAND1 4576 32 
145 LAND1 4608 32 
146 LAND1 4640 32 
147 LAND1 4672 32 
148 LAND1 4704 32 
149 LAND1 4736 32 
150 LAND1 4768 32 
151 LAND1 4800 32 
152 LAND1 4832 32 
153 LAND1 4864 32 
154 LAND1 4896 32 
155 LAND1 4928 32 
156 LAND1 4960 32 
157 LAND1 4992 32 
158 LAND1 5024 32 
159 LAND1 5056 32 
160 LAND1 5088 32 
161 LAND1 5120 32 
162 LAND1 5152 32 
163 LAND1 5184 32 
164 LAND1 5216 32 
165 LAND1 5248 32 
166 LAND1 5280 32 
167 LAND1 5312 32 
168 LAND1 5344 32 
169 LAND1 5376 32 
170 LAND1 5408 32 
171 LAND1 5440 32 
172 LAND1 5472 32 
173 LAND1 5504 32 
174 LAND1 5536 32 
175 LAND1 5568 32 
176 LAND1 5600 32 
177 LAND1 5632 32 
178 LAND1 5664 32 
179 LAND1 5696 32 
180 LAND1 5728 32 
181 LAND1 5760 32 
182 LAND1 5792 32 
183 LAND1 5824 32 
184 LAND1 5856 32 
185 LAND1 5888 32 
186 LAND1 5920 32 
187 LAND1 5952 32 
188 LAND1 5984 32 
189 LAND1 6016 32 
190 LAND1 6048 32 
191 LAND1 6080 32 
192 LAND1 6112 32 
193 LAND1 6144 32 
194 LAND1 6176 32 
195 LAND1 6208 32 
196 LAND1 6240 32 
197 LAND1 6272 32 
198 LAND1 6304 32 
199 LAND1 6336 32 
200 LAND3 265 171 
201 LAND3 96 171 
202 LAND3 1589 370 
203 LAND3 2136 553 
204 LAND3 2373 1158 
205 LAND3 2571 1807 
206 LAND3 1534 1829 
207 LAND3 5977 1821 
208 LAND3 5050 4521 
209 LAND3 4701 4698 
210 LAND3 3663 4451 
<End>