25600 7808
1 DA 0 7328 
2 DA 50 7328 
3 DA 100 7328 
4 DA 150 7328 
5 DA 200 7328 
6 DA 250 7328 
7 DA 300 7328 
8 DA 350 7328 
9 DA 400 7328 
10 DA 450 7328 
11 DA 500 7328 
12 DA 550 7328 
13 DA 600 7328 
14 DA 650 7328 
15 DA 700 7328 
16 DA 750 7328 
17 DA 800 7328 
18 DA 850 7328 
19 DA 900 7328 
20 DA 950 7328 
21 DA 1000 7328 
22 DA 1050 7328 
23 DA 2550 7328 
24 DA 2600 7328 
25 DA 2650 7328 
26 DA 2700 7328 
27 DA 2750 7328 
28 DA 2800 7328 
29 DA 2850 7328 
30 DA 2900 7328 
31 DA 2950 7328 
32 DA 3000 7328 
33 DA 3050 7328 
34 DA 3100 7328 
35 DA 3150 7328 
36 DA 3200 7328 
37 DA 3250 7328 
38 DA 3300 7328 
39 DA 3350 7328 
40 DA 3400 7328 
41 DA 3450 7328 
42 DA 3500 7328 
43 DA 3550 7328 
44 DA 3600 7328 
45 DA 3650 7328 
46 DA 3700 7328 
47 DA 3750 7328 
48 DA 3800 7328 
49 DA 3850 7328 
50 DA 3900 7328 
51 DA 3950 7328 
52 DA 4000 7328 
53 DA 4050 7328 
54 DA 4100 7328 
55 DA 4150 7328 
56 DA 4200 7328 
57 DA 4250 7328 
58 DA 4300 7328 
59 DA 4350 7328 
60 DA 4400 7328 
61 DA 4450 7328 
62 DA 4500 7328 
63 DA 4550 7328 
64 DA 4600 7328 
65 DUONG 0 7360 
66 DUONG 64 7360 
67 DUONG 128 7360 
68 DUONG 192 7360 
69 DUONG 256 7360 
70 DUONG 320 7360 
71 DUONG 384 7360 
72 DUONG 448 7360 
73 DUONG 512 7360 
74 DA 544 7360 
75 DA 594 7360 
76 DA 644 7360 
77 DA 694 7360 
78 DA 744 7360 
79 DA 794 7360 
80 DA 844 7360 
81 DA 894 7360 
82 DA 944 7360 
83 DA 994 7360 
84 DA 1044 7360 
85 DA 544 7392 
86 DA 594 7392 
87 DA 644 7392 
88 DA 694 7392 
89 DA 744 7392 
90 DA 794 7392 
91 DA 844 7392 
92 DA 894 7392 
93 DA 944 7392 
94 DA 994 7392 
95 DA 1044 7392 
96 DA 644 7424 
97 DA 694 7424 
98 DA 744 7424 
99 DA 794 7424 
100 DA 844 7424 
101 DA 894 7424 
102 DA 944 7424 
103 DA 994 7424 
104 DA 1044 7424 
105 DA 644 7456 
106 DA 694 7456 
107 DA 744 7456 
108 DA 794 7456 
109 DA 844 7456 
110 DA 894 7456 
111 DA 944 7456 
112 DA 994 7456 
113 DA 1044 7456 
114 DUONG 544 7424 
115 DA 608 7424 
116 DA 608 7456 
117 DA 808 7488 
118 DA 858 7488 
119 DA 908 7488 
120 DA 958 7488 
121 DA 1008 7488 
122 DA 794 7488 
123 DA 844 7488 
124 DA 894 7488 
125 DA 944 7488 
126 DA 994 7488 
127 DA 1044 7488 
128 DA 944 7520 
129 DA 994 7520 
130 DA 1044 7520 
131 DA 994 7552 
132 DA 1044 7552 
133 DUONG 608 7488 
134 DUONG 672 7488 
135 DUONG 736 7488 
136 DA 800 7520 
137 DA 832 7520 
138 DA 864 7520 
139 DA 914 7520 
140 DUONG 800 7552 
141 DA 928 7552 
142 DA 960 7552 
143 DUONG 864 7552 
144 DA 944 7584 
145 DA 994 7584 
146 DA 1044 7584 
147 DA 928 7584 
148 DUONG 928 7616 
149 DUONG 992 7616 
150 DUONG 1024 7616 
151 TRUCTRAI 1138 7618 
152 TRUC 1263 7609 
153 TRUC 1327 7609 
154 TRUC 1391 7609 
155 TRUC 1455 7609 
156 TRUC 1520 7609 
157 TRUCPHAI 1581 7619 
158 TRUCTRAI 1367 7503 
159 TRUC 1494 7494 
160 DAYNOI 1559 7489 
161 TRUC 1585 7494 
162 TRUC 1649 7495 
163 TRUC 1714 7495 
164 DAYNOI 1778 7490 
165 TRUCPHAI 1801 7506 
166 TRUCTRAI 1606 7403 
167 DAYNOI 1733 7391 
168 TRUC 1759 7396 
169 TRUC 1824 7397 
170 DAYNOI 1890 7394 
171 TRUC 1917 7397 
172 TRUC 1983 7397 
173 DAYNOI 2048 7392 
174 TRUC 2075 7396 
175 TRUC 2141 7397 
176 DAYNOI 2205 7392 
177 TRUC 2233 7397 
178 TRUC 2299 7396 
179 DAYNOI 2364 7393 
180 TRUCPHAI 2388 7409 
181 DUONG 2560 7360 
182 DUONG 2560 7360 
183 DUONG 2624 7360 
184 DUONG 2688 7360 
185 DUONG 2752 7360 
186 DUONG 2816 7360 
187 DUONG 2880 7360 
188 DUONG 2944 7360 
189 DUONG 3008 7360 
190 DUONG 3072 7360 
191 DUONG 3136 7360 
192 DA 3200 7360 
193 DA 3250 7360 
194 DA 3300 7360 
195 DA 3350 7360 
196 DA 3400 7360 
197 DA 3450 7360 
198 DA 3500 7360 
199 DA 3550 7360 
200 DA 3600 7360 
201 DA 3650 7360 
202 DA 3700 7360 
203 DA 3750 7360 
204 DA 3800 7360 
205 DA 3200 7392 
206 DA 3250 7392 
207 DA 3300 7392 
208 DA 3350 7392 
209 DA 3400 7392 
210 DA 3450 7392 
211 DA 3500 7392 
212 DA 3550 7392 
213 DA 3600 7392 
214 DA 3650 7392 
215 DA 3700 7392 
216 DA 3750 7392 
217 DA 3200 7424 
218 DA 3250 7424 
219 DA 3300 7424 
220 DA 3350 7424 
221 DA 3400 7424 
222 DA 3450 7424 
223 DA 3500 7424 
224 DA 3550 7424 
225 DA 3600 7424 
226 DA 3650 7424 
227 DA 3700 7424 
228 DA 3750 7424 
229 DA 3300 7456 
230 DA 3350 7456 
231 DA 3400 7456 
232 DA 3450 7456 
233 DA 3500 7456 
234 DA 3550 7456 
235 DA 3600 7456 
236 DA 3650 7456 
237 DA 3700 7456 
238 DA 3750 7456 
239 DA 3300 7488 
240 DA 3350 7488 
241 DA 3400 7488 
242 DA 3450 7488 
243 DA 3500 7488 
244 DA 3550 7488 
245 DA 3600 7488 
246 DA 3650 7488 
247 DA 3700 7488 
248 DA 3750 7488 
249 DA 3500 7520 
250 DA 3550 7520 
251 DA 3600 7520 
252 DA 3650 7520 
253 DA 3750 7520 
254 DA 3500 7552 
255 DA 3550 7552 
256 DUONG 3872 7360 
257 DUONG 3936 7360 
258 DUONG 4000 7360 
259 DUONG 4064 7360 
260 DUONG 4128 7360 
261 DUONG 4192 7360 
262 DUONG 4256 7360 
263 DUONG 4320 7360 
264 DUONG 4384 7360 
265 DUONG 3840 7360 
266 LOXO 4802 7451 
267 LOXO 4802 7579 
268 LOXO 4961 7454 
269 LOXO 4960 7580 
270 LOXO 5123 7458 
271 LOXO 5122 7583 
272 DA 5248 4256 
273 DA 5248 4288 
274 DA 5248 4320 
275 DA 5248 4352 
276 DA 5248 4384 
277 DA 5248 4416 
278 DA 5248 4448 
279 DA 5248 4480 
280 DA 5248 4512 
281 DA 5248 4544 
282 DA 5248 4576 
283 DA 5248 4608 
284 DA 5248 4640 
285 DA 5248 4672 
286 DA 5248 4704 
287 DA 5248 4736 
288 DA 5248 4768 
289 DA 5248 4800 
290 DA 5248 4832 
291 DA 5248 4864 
292 DA 5248 4896 
293 DA 5248 4928 
294 DA 5248 4960 
295 DA 5248 4992 
296 DA 5248 5024 
297 DA 5248 5056 
298 DA 5248 5088 
299 DA 5248 5120 
300 DA 5248 5152 
301 DA 5248 5184 
302 DA 5248 5216 
303 DA 5248 5248 
304 DA 5248 5280 
305 DA 5248 5312 
306 DA 5248 5344 
307 DA 5248 5376 
308 DA 5248 5408 
309 DA 5248 5440 
310 DA 5248 5472 
311 DA 5248 5504 
312 DA 5248 5536 
313 DA 5248 5568 
314 DA 5248 5600 
315 DA 5248 5632 
316 DA 5248 5664 
317 DA 5248 5696 
318 DA 5248 5728 
319 DA 5248 5792 
320 DA 5248 5824 
321 DA 5248 5856 
322 DA 5248 5888 
323 DA 5248 5920 
324 DA 5248 5952 
325 DA 5248 5984 
326 DA 5248 6016 
327 DA 5248 6048 
328 DA 5248 6080 
329 DA 5248 6112 
330 DA 5248 6144 
331 DA 5248 6176 
332 DA 5248 6304 
333 DA 5248 6336 
334 DA 5248 6368 
335 DA 5248 6400 
336 DA 5248 6432 
337 DA 5248 6464 
338 DA 5248 6496 
339 DA 5248 6528 
340 DA 5248 6560 
341 DA 5248 6592 
342 DA 5248 6624 
343 DA 5248 6656 
344 DA 5248 6688 
345 DA 5248 6720 
346 DA 5248 6752 
347 DA 5248 6784 
348 DA 5248 6816 
349 DA 5248 6848 
350 DA 5248 6880 
351 DA 5248 6912 
352 DA 5248 6944 
353 DA 5248 6976 
354 DA 5248 7008 
355 DA 5248 7040 
356 DA 5248 7072 
357 DA 5248 7104 
358 DA 5248 7136 
359 DA 5248 7168 
360 DA 5248 7200 
361 DA 5248 7232 
362 DUONG 5311 7312 
363 DUONG 5375 7312 
364 DUONG 5441 7312 
365 DUONG 5506 7311 
366 DUONG 5570 7310 
367 MUINHON 5315 7345 
368 MUINHON 5353 7347 
369 MUINHON 5396 7347 
370 LOXO 5425 7488 
371 LOXO 5422 7581 
372 MUINHON 5481 7344 
373 LOXO 5539 7487 
374 LOXO 5537 7579 
375 MUINHON 5584 7343 
376 DUONG 5633 7311 
377 DUONG 5698 7310 
378 MUINHON 5635 7343 
379 MUINHON 5690 7341 
380 DA 5762 7330 
381 DA 5762 7381 
382 DA 5763 7432 
383 DA 5762 7539 
384 DUONG 5401 7612 
385 DUONG 5465 7612 
386 DUONG 5529 7612 
387 DUONG 5593 7612 
388 DA 5812 7381 
389 DA 5813 7434 
390 DA 5763 7591 
391 DA 5813 7593 
392 DUONG 5657 7612 
393 DUONG 5721 7612 
394 TUONGTRAI 5864 7554 
395 TUONGTRAI 5863 7585 
396 DA 5812 7330 
397 TUONGNHO 5896 7552 
398 TUONGPHAI 5984 5440 
399 TUONGPHAI 5984 5472 
400 TUONGPHAI 5984 5504 
401 TUONGPHAI 5984 5536 
402 TUONGPHAI 5984 5568 
403 TUONGPHAI 5984 5600 
404 TUONGPHAI 5984 5632 
405 TUONGPHAI 5984 5664 
406 TUONGPHAI 5984 5696 
407 TUONGPHAI 5984 5728 
408 TUONGPHAI 5984 5760 
409 TUONGPHAI 5984 5792 
410 TUONGPHAI 5984 5824 
411 TUONGPHAI 5984 5856 
412 TUONGPHAI 5984 5888 
413 TUONGPHAI 5984 5920 
414 TUONGPHAI 5984 5952 
415 TUONGPHAI 5984 5984 
416 TUONGPHAI 5984 6016 
417 TUONGPHAI 5984 6048 
418 TUONGPHAI 5984 6080 
419 TUONGPHAI 5984 6112 
420 TUONGPHAI 5984 6144 
421 TUONGPHAI 5984 6176 
422 TUONGPHAI 5984 6208 
423 TUONGPHAI 5984 6240 
424 TUONGPHAI 5984 6272 
425 TUONGPHAI 5984 6304 
426 TUONGPHAI 5984 6336 
427 TUONGPHAI 5984 6368 
428 TUONGPHAI 5984 6400 
429 TUONGPHAI 5984 6432 
430 TUONGPHAI 5984 6464 
431 TUONGPHAI 5984 6496 
432 TUONGPHAI 5984 6528 
433 TUONGPHAI 5984 6560 
434 TUONGPHAI 5984 6592 
435 TUONGPHAI 5984 6624 
436 TUONGPHAI 5984 6656 
437 TUONGPHAI 5984 6688 
438 TUONGPHAI 5984 6720 
439 TUONGPHAI 5984 6752 
440 TUONGPHAI 5984 6784 
441 TUONGPHAI 5984 6816 
442 TUONGPHAI 5984 6848 
443 TUONGPHAI 5984 6880 
444 TUONGPHAI 5984 6912 
445 TUONGPHAI 5984 6944 
446 TUONGPHAI 5984 6976 
447 TUONGPHAI 5984 7008 
448 TUONGPHAI 5984 7040 
449 TUONGPHAI 5984 7072 
450 TUONGPHAI 5984 7104 
451 TUONGPHAI 5984 7136 
452 TUONGPHAI 5984 7168 
453 TUONGPHAI 5984 7200 
454 TUONGPHAI 5984 7232 
455 TUONGPHAI 5984 7264 
456 TUONGPHAI 5984 7296 
457 TUONGPHAI 5984 7328 
458 TUONGPHAI 5984 7360 
459 TUONGPHAI 5984 9600 
460 TUONGPHAI 5984 5440 
461 TUONGPHAI 5984 5472 
462 TUONGPHAI 5984 5504 
463 TUONGPHAI 5984 5536 
464 TUONGPHAI 5984 5568 
465 TUONGPHAI 5984 5600 
466 TUONGPHAI 5984 5632 
467 TUONGPHAI 5984 5664 
468 TUONGPHAI 5984 5696 
469 TUONGPHAI 5984 5728 
470 TUONGPHAI 5984 5760 
471 TUONGPHAI 5984 5792 
472 TUONGPHAI 5984 5824 
473 TUONGPHAI 5984 5856 
474 TUONGPHAI 5984 5888 
475 TUONGPHAI 5984 5920 
476 TUONGPHAI 5984 5952 
477 TUONGPHAI 5984 5984 
478 TUONGPHAI 5984 6016 
479 TUONGPHAI 5984 6048 
480 TUONGPHAI 5984 6080 
481 TUONGPHAI 5984 6112 
482 TUONGPHAI 5984 6144 
483 TUONGPHAI 5984 6176 
484 TUONGPHAI 5984 6208 
485 TUONGPHAI 5984 6240 
486 TUONGPHAI 5984 6272 
487 TUONGPHAI 5984 6304 
488 TUONGPHAI 5984 6336 
489 TUONGPHAI 5984 6368 
490 TUONGPHAI 5984 6400 
491 TUONGPHAI 5984 6432 
492 TUONGPHAI 5984 6464 
493 TUONGPHAI 5984 6496 
494 TUONGPHAI 5984 6528 
495 TUONGPHAI 5984 6560 
496 TUONGPHAI 5984 6592 
497 TUONGPHAI 5984 6624 
498 TUONGPHAI 5984 6656 
499 TUONGPHAI 5984 6688 
500 TUONGPHAI 5984 6720 
501 TUONGPHAI 5984 6752 
502 TUONGPHAI 5984 6784 
503 TUONGPHAI 5984 6816 
504 TUONGPHAI 5984 6848 
505 TUONGPHAI 5984 6880 
506 TUONGPHAI 5984 6912 
507 TUONGPHAI 5984 6944 
508 TUONGPHAI 5984 6976 
509 TUONGPHAI 5984 7008 
510 TUONGPHAI 5984 7040 
511 TUONGPHAI 5984 7072 
512 TUONGPHAI 5984 7104 
513 TUONGPHAI 5984 7136 
514 TUONGPHAI 5984 7168 
515 TUONGPHAI 5984 7200 
516 TUONGPHAI 5984 7232 
517 TUONGPHAI 5984 7264 
518 TUONGPHAI 5984 7296 
519 TUONGPHAI 5984 7328 
520 TUONGPHAI 5984 7360 
521 TUONGPHAI 5984 7392 
522 TUONGPHAI 5984 7424 
523 TUONGPHAI 5984 7456 
524 TUONGPHAI 5984 7488 
525 TUONGPHAI 5984 7520 
526 TUONGPHAI 5984 7552 
527 TUONGPHAI 5984 7584 
528 TUONGPHAI 5984 7616 
529 TUONGPHAI 5984 7648 
530 TUONGPHAI 5984 7680 
531 TUONGPHAI 5984 7712 
532 TUONGPHAI 5984 7744 
533 TUONGPHAI 5984 7776 
534 TUONGPHAI 5984 7808 
535 TUONGNHO 5954 7315 
536 DA 6016 5120 
537 DA 6016 5152 
538 DA 6016 5184 
539 DA 6016 5216 
540 DA 6016 5248 
541 DA 6016 5280 
542 DA 6016 5312 
543 DA 6016 5344 
544 DA 6016 5376 
545 DA 6016 5408 
546 DA 6016 5440 
547 DA 6016 5472 
548 DA 6016 5504 
549 DA 6016 5536 
550 DA 6016 5568 
551 DA 6016 5600 
552 DA 6016 5632 
553 DA 6016 5664 
554 DA 6016 5696 
555 DA 6016 5728 
556 DA 6016 5760 
557 DA 6016 5792 
558 DA 6016 5824 
559 DA 6016 5856 
560 DA 6016 5888 
561 DA 6016 5920 
562 DA 6016 5952 
563 DA 6016 5984 
564 DA 6016 6016 
565 DA 6016 6048 
566 DA 6016 6080 
567 DA 6016 6112 
568 DA 6016 6144 
569 DA 6016 6176 
570 DA 6016 6208 
571 DA 6016 6240 
572 DA 6016 6272 
573 DA 6016 6304 
574 DA 6016 6336 
575 DA 6016 6368 
576 DA 6016 6400 
577 DA 6016 6432 
578 DA 6016 6464 
579 DA 6016 6496 
580 DA 6016 6528 
581 DA 6016 6560 
582 DA 6016 6592 
583 DA 6016 6624 
584 DA 6016 6656 
585 DA 6016 6688 
586 DA 6016 6720 
587 DA 6016 6752 
588 DA 6016 6784 
589 DA 6016 6816 
590 DA 6016 6848 
591 DA 6016 6880 
592 DA 6016 6912 
593 DA 6016 6944 
594 DA 6016 6976 
595 DA 6016 7008 
596 DA 6016 7040 
597 DA 6016 7072 
598 DA 6016 7104 
599 DA 6016 7136 
600 DA 6016 7168 
601 DA 6016 7200 
602 DA 6016 7232 
603 DA 6016 7264 
604 DA 6016 7296 
605 DA 6016 7328 
606 DA 6016 7360 
607 DA 6016 7392 
608 DA 6016 7424 
609 DA 6016 7456 
610 DA 6016 7488 
611 DA 6016 7520 
612 DA 6016 7552 
613 DA 6016 7584 
614 DA 6016 7616 
615 DA 6016 7648 
616 DA 6016 7680 
617 DA 6016 7712 
618 DA 6016 7744 
619 DA 6016 7776 
620 DA 6016 7808 
621 DA 5248 7277 
622 TUONGTRAI 5273 7281 
623 TUONGTRAI 5300 7001 
624 TUONGTRAI 5299 6721 
625 TUONG 5332 7001 
626 TUONG 5331 6842 
627 TUONG 5331 6603 
628 TUONGNHO 5331 6682 
629 TUONGNHO 5332 6650 
630 TUONGNHO 5332 6618 
631 TUONGTRAI 5267 6436 
632 DA 5247 6202 
633 DA 5247 6203 
634 DA 5248 6253 
635 DUONG 5830 7613 
636 DUONG 5785 7613 
637 TUONG 5331 6250 
638 TUONGNHO 5331 6003 
639 TUONGNHO 5331 6030 
640 TUONGNHO 5331 6060 
641 TUONGNHO 5331 6091 
642 TUONG 5858 6613 
643 TUONG 5858 6768 
644 TUONG 5858 6925 
645 TUONG 5858 6966 
646 TUONG 5825 6614 
647 TUONG 5825 6772 
648 TUONG 5825 6930 
649 TUONGNHO 5825 6965 
650 TUONG 5568 6614 
651 TUONG 5568 6764 
652 TUONG 5568 6916 
653 TUONG 5568 7056 
654 TUONG 5601 6614 
655 TUONG 5601 6774 
656 TUONG 5601 6929 
657 TUONG 5601 7055 
658 TUONG 5298 6132 
659 TUONG 5299 6252 
660 DA 5299 6018 
661 DA 5349 6017 
662 DA 5298 5969 
663 DA 5349 5967 
664 DA 5398 6018 
665 DA 5399 5968 
666 DA 5298 5919 
667 DA 5349 5917 
668 DA 5400 5917 
669 DA 5298 5869 
670 DA 5348 5868 
671 DA 5398 5867 
672 DA 5400 5789 
673 DA 5298 5791 
674 DA 5349 5790 
675 DA 5298 5819 
676 DA 5349 5818 
677 DA 5399 5816 
678 TUONG 5601 5900 
679 TUONG 5567 5900 
680 TUONG 5567 6055 
681 TUONG 5601 6057 
682 TUONGTRAI 5534 6019 
683 DA 5484 6016 
684 DA 5448 6017 
685 DA 5483 5967 
686 DA 5450 5967 
687 DA 5483 5917 
688 DA 5451 5917 
689 DA 5485 5867 
690 DA 5450 5868 
691 DA 5486 5792 
692 DA 5486 5817 
693 DA 5451 5788 
694 DA 5450 5817 
695 MUINHON 5536 6050 
696 MUINHON 5462 6051 
697 TUONGNHO 5568 6088 
698 TUONGNHO 5600 6090 
699 TUONGNHO 5600 6120 
700 TUONGNHO 5568 6120 
701 TUONG 5826 5899 
702 TUONG 5858 5898 
703 TUONGNHO 5826 5915 
704 TUONGNHO 5858 5915 
705 TUONGNHO 5826 5946 
706 TUONGNHO 5826 5977 
707 TUONGNHO 5826 6003 
708 TUONGNHO 5826 6015 
709 TUONGNHO 5858 5945 
710 TUONGNHO 5858 5976 
711 TUONGNHO 5858 5999 
712 TUONGNHO 5858 6016 
713 TUONG 5825 6308 
714 TUONG 5858 6307 
715 TUONG 5569 5626 
716 TUONG 5602 5626 
717 TUONG 5569 5466 
718 TUONG 5602 5465 
719 DA 5760 5152 
720 DA 5810 5152 
721 DA 5860 5152 
722 DA 5910 5152 
723 DA 5960 5152 
724 DA 5590 5152 
725 DA 5640 5152 
726 DA 5690 5152 
727 DA 5740 5152 
728 DA 6010 5151 
729 DA 5590 5120 
730 DA 5640 5120 
731 DA 5690 5120 
732 DA 5740 5120 
733 DA 5790 5120 
734 DA 5840 5120 
735 DA 5890 5120 
736 DA 5940 5120 
737 DA 6016 5120 
738 DA 5984 5120 
739 DA 5984 5161 
740 DUONG 5922 5183 
741 DUONG 5858 5183 
742 DA 5569 5120 
743 DA 5569 5152 
744 DUONG 5795 5183 
745 DUONG 5731 5183 
746 DUONG 5570 5183 
747 DUONG 5635 5183 
748 DUONG 5699 5183 
749 MUINHON 5945 5217 
750 MUINHON 5896 5217 
751 DA 5247 5743 
752 TUONGTRAI 5266 5742 
753 DA 5247 5569 
754 DA 5246 5518 
755 DA 5247 5467 
756 TUONGTRAI 5297 5570 
757 TUONGTRAI 5296 5293 
758 TUONGTRAI 5295 5014 
759 TUONGTRAI 5296 4821 
760 TUONG 5329 5568 
761 TUONG 5329 4702 
762 TUONG 5329 4853 
763 TUONG 5329 5012 
764 TUONG 5329 5156 
765 TUONG 5329 5295 
766 TUONG 5330 5408 
767 DA 5309 4540 
768 DA 5298 4540 
769 DA 5310 4490 
770 DA 5298 4490 
771 DUONG 5360 4446 
772 DUONG 5424 4446 
773 DA 5438 4414 
774 DUONG 5488 4365 
775 DUONG 5552 4365 
776 DUONG 5617 4283 
777 DUONG 5681 4283 
778 DUONG 5745 4283 
779 DUONG 5809 4283 
780 DUONG 5873 4283 
781 DUONG 5937 4283 
782 DUONG 6001 4283 
783 DUONG 6065 4283 
784 DUONG 6129 4283 
785 DUONG 6193 4283 
786 DUONG 6257 4283 
787 DA 5280 4256 
788 DA 5330 4256 
789 DA 5380 4256 
790 DA 5430 4256 
791 DA 5480 4256 
792 DA 5530 4256 
793 DA 5580 4256 
794 DA 5630 4256 
795 DA 5680 4256 
796 DA 5730 4256 
797 DA 5780 4256 
798 DA 5830 4256 
799 DA 5880 4256 
800 DA 5930 4256 
801 DA 5980 4256 
802 DA 6030 4256 
803 DA 6080 4256 
804 DA 6130 4256 
805 DA 6180 4256 
806 DA 6230 4256 
807 DA 6280 4256 
808 DA 6330 4256 
809 DA 5310 4440 
810 DA 5569 4306 
811 DA 5569 4333 
812 DA 5298 4305 
813 DA 5448 4304 
814 DA 5549 4304 
815 DA 5499 4305 
816 DA 5521 4334 
817 DA 5487 4334 
818 DA 5498 4282 
819 DA 5298 4439 
820 DA 5298 4389 
821 DA 5361 4415 
822 DA 5412 4414 
823 DA 5412 4415 
824 DA 5410 4415 
825 DA 5299 4336 
826 DA 5298 4339 
827 DA 5349 4390 
828 DA 5348 4388 
829 DA 5453 4363 
830 DA 5467 4312 
831 DA 5349 4286 
832 DA 5353 4337 
833 DA 5348 4337 
834 DA 5400 4365 
835 DA 5452 4355 
836 DA 5450 4360 
837 DA 5450 4363 
838 DA 5412 4314 
839 DA 5406 4313 
840 DA 5403 4313 
841 DA 5403 4314 
842 DA 5399 4285 
843 DA 5399 4287 
844 DA 5348 4284 
845 DA 6368 4352 
846 DA 6468 4352 
847 DA 6518 4352 
848 DA 6568 4352 
849 DA 6618 4352 
850 DA 6668 4352 
851 DA 6718 4352 
852 DA 6768 4352 
853 DA 6818 4352 
854 DA 6868 4352 
855 DA 6918 4352 
856 DA 6968 4352 
857 DA 7018 4352 
858 DA 7068 4352 
859 DA 7118 4352 
860 DA 7168 4352 
861 DA 7218 4352 
862 DA 7268 4352 
863 DA 7318 4352 
864 DA 7368 4352 
865 DA 7418 4352 
866 DA 7468 4352 
867 DA 7518 4352 
868 DA 7568 4352 
869 DA 7618 4352 
870 DA 7668 4352 
871 DA 7718 4352 
872 DA 7768 4352 
873 DA 7818 4352 
874 DA 7868 4352 
875 DA 7918 4352 
876 DA 7968 4352 
877 DA 8018 4352 
878 DA 8068 4352 
879 DA 8118 4352 
880 DA 8168 4352 
881 DA 8218 4352 
882 DA 8268 4352 
883 DA 8318 4352 
884 DA 8368 4352 
885 DA 8418 4352 
886 DA 8468 4352 
887 DA 6368 4352 
888 DA 6321 4306 
889 DA 6321 4352 
890 DUONG 6321 4352 
891 DA 6418 4353 
892 DUONG 6385 4352 
893 DUONG 6449 4351 
894 DA 6380 4256 
895 DA 6430 4257 
896 DA 6481 4258 
897 DA 6371 4301 
898 DA 6420 4302 
899 DA 6482 4301 
900 DA 6474 4299 
901 DA 6471 4302 
902 DA 6468 4736 
903 DA 6518 4736 
904 DA 6568 4736 
905 DA 6618 4736 
906 DA 6668 4736 
907 DA 6718 4736 
908 DA 6768 4736 
909 DA 6818 4736 
910 DA 6868 4736 
911 DA 6918 4736 
912 DA 6968 4736 
913 DA 7018 4736 
914 DA 7068 4736 
915 DA 7118 4736 
916 DA 7168 4736 
917 DA 7218 4736 
918 DA 7268 4736 
919 DA 7318 4736 
920 DA 7368 4736 
921 DA 7418 4736 
922 DA 7468 4736 
923 DA 7518 4736 
924 DA 7568 4736 
925 DA 7618 4736 
926 DA 7668 4736 
927 DA 7718 4736 
928 DA 7768 4736 
929 DA 7818 4736 
930 DA 7868 4736 
931 DA 7918 4736 
932 DA 7968 4736 
933 DA 8018 4736 
934 DA 8068 4736 
935 DA 8118 4736 
936 DA 8168 4736 
937 DA 8218 4736 
938 DA 8268 4736 
939 DA 8318 4736 
940 DA 8368 4736 
941 DA 8418 4736 
942 DA 6456 4736 
943 MAY 6392 4803 
944 MAY 6326 4804 
945 MAY 6326 4927 
946 MAY 6393 4927 
947 MAY 6327 5047 
948 MAY 6395 5047 
949 TUONG 8483 4846 
950 TUONG 8449 4846 
951 TUONG 8449 4986 
952 TUONG 8483 4986 
953 DA 8512 4256 
954 DA 8562 4256 
955 DA 8612 4256 
956 DA 8662 4256 
957 DA 8712 4256 
958 DA 8762 4256 
959 DA 8812 4256 
960 DA 8512 4302 
961 DA 8562 4302 
962 DA 8612 4302 
963 DA 8662 4302 
964 DA 8712 4303 
965 DA 8762 4302 
966 DA 8812 4303 
967 DA 8832 4256 
968 DA 8882 4256 
969 DA 8932 4256 
970 DA 8982 4256 
971 DA 9032 4256 
972 DA 9082 4256 
973 DA 9132 4256 
974 DA 8862 4302 
975 DA 8911 4303 
976 DA 8961 4301 
977 DA 9012 4300 
978 DA 9062 4300 
979 DA 9132 4300 
980 DA 9112 4300 
981 TUONG 9151 4459 
982 TUONG 9151 4618 
983 TUONG 9151 4778 
984 TUONG 9151 4933 
985 TUONG 9151 4974 
986 DA 5813 7542 
987 DA 5813 7492 
988 DA 5816 7442 
989 DA 5813 7439 
990 DA 5763 7489 
991 DA 5765 7437 
992 DUONG 5272 7312 
993 DUONG 5247 7312 
994 DUONG 5121 7612 
995 DUONG 5185 7613 
996 DUONG 4988 7616 
997 DUONG 4929 7616 
998 DUONG 4865 7616 
999 DUONG 4802 7616 
1000 DUONG 4740 7616 
1001 DUONG 4677 7616 
1002 DUONG 4615 7616 
1003 DUONG 3238 7456 
1004 DUONG 3200 7456 
1005 DUONG 3438 7520 
1006 DUONG 3380 7520 
1007 DUONG 3329 7520 
1008 DUONG 3299 7520 
1009 DUONG 3501 7583 
1010 DUONG 3567 7648 
1011 DUONG 3629 7583 
1012 DUONG 3690 7519 
1013 DUONG 3757 7583 
1014 DUONG 3822 7649 
1015 DA 3834 7617 
1016 DA 3821 7617 
1017 DA 3834 7567 
1018 DA 3833 7518 
1019 DA 3834 7468 
1020 DA 3833 7409 
1021 DA 3834 7416 
1022 DA 3821 7566 
1023 DA 3801 7551 
1024 DA 3800 7502 
1025 DA 3801 7452 
1026 DA 3800 7404 
1027 DA 3758 7553 
1028 DA 3642 7552 
1029 DA 3601 7554 
1030 DA 3579 7583 
1031 DA 3565 7582 
1032 DA 3580 7619 
1033 DA 3567 7617 
1034 DUONG 4551 7616 
1035 DA 4600 7378 
1036 DA 4600 7427 
1037 DA 4600 7475 
1038 DA 4600 7523 
1039 DA 4600 7572 
1040 DA 4599 7584 
1041 DA 4550 7584 
1042 DA 4549 7535 
1043 DA 4549 7485 
1044 DA 4550 7435 
1045 DA 4551 7385 
1046 DA 4554 7335 
1047 DA 4552 7335 
1048 DA 4450 7379 
1049 DA 4501 7380 
1050 DA 4449 7427 
1051 DA 4500 7427 
1052 DUONG 4485 7492 
1053 DUONG 4450 7492 
1054 DA 4449 7458 
1055 DA 4500 7459 
1056 RAO 179 7395 
1057 NUI1 79 7549 
1058 NEN 6464 4384 
1059 NEN 6528 4384 
1060 NEN 6592 4384 
1061 NEN 6656 4384 
1062 NEN 6720 4384 
1063 NEN 6784 4384 
1064 NEN 6848 4384 
1065 NEN 6912 4384 
1066 NEN 6976 4384 
1067 NEN 7040 4384 
1068 NEN 7104 4384 
1069 NEN 7168 4384 
1070 NEN 7232 4384 
1071 NEN 7296 4384 
1072 NEN 7360 4384 
1073 NEN 7424 4384 
1074 NEN 7488 4384 
1075 NEN 7552 4384 
1076 NEN 7616 4384 
1077 NEN 7680 4384 
1078 NEN 7744 4384 
1079 NEN 7808 4384 
1080 NEN 7872 4384 
1081 NEN 7936 4384 
1082 NEN 8000 4384 
1083 NEN 8064 4384 
1084 NEN 8128 4384 
1085 NEN 8192 4384 
1086 NEN 8256 4384 
1087 NEN 8320 4384 
1088 NEN 8384 4384 
1089 NEN 8448 4384 
1090 NEN 8512 4384 
1091 NEN 8576 4384 
1092 NEN 8640 4384 
1093 NEN 8704 4384 
1094 NEN 8768 4384 
1095 NEN 8832 4384 
1096 NEN 8896 4384 
1097 NEN 8960 4384 
1098 NEN 9024 4384 
1099 NEN 9088 4384 
1100 NEN 6464 4416 
1101 NEN 6528 4416 
1102 NEN 6592 4416 
1103 NEN 6656 4416 
1104 NEN 6720 4416 
1105 NEN 6784 4416 
1106 NEN 6848 4416 
1107 NEN 6912 4416 
1108 NEN 6976 4416 
1109 NEN 7040 4416 
1110 NEN 7104 4416 
1111 NEN 7168 4416 
1112 NEN 7232 4416 
1113 NEN 7296 4416 
1114 NEN 7360 4416 
1115 NEN 7424 4416 
1116 NEN 7488 4416 
1117 NEN 7552 4416 
1118 NEN 7616 4416 
1119 NEN 7680 4416 
1120 NEN 7744 4416 
1121 NEN 7808 4416 
1122 NEN 7872 4416 
1123 NEN 7936 4416 
1124 NEN 8000 4416 
1125 NEN 8064 4416 
1126 NEN 8128 4416 
1127 NEN 8192 4416 
1128 NEN 8256 4416 
1129 NEN 8320 4416 
1130 NEN 8384 4416 
1131 NEN 8448 4416 
1132 NEN 8512 4416 
1133 NEN 8576 4416 
1134 NEN 8640 4416 
1135 NEN 8704 4416 
1136 NEN 8768 4416 
1137 NEN 8832 4416 
1138 NEN 8896 4416 
1139 NEN 8960 4416 
1140 NEN 9024 4416 
1141 NEN 9088 4416 
1142 NEN 6464 4448 
1143 NEN 6528 4448 
1144 NEN 6592 4448 
1145 NEN 6656 4448 
1146 NEN 6720 4448 
1147 NEN 6784 4448 
1148 NEN 6848 4448 
1149 NEN 6912 4448 
1150 NEN 6976 4448 
1151 NEN 7040 4448 
1152 NEN 7104 4448 
1153 NEN 7168 4448 
1154 NEN 7232 4448 
1155 NEN 7296 4448 
1156 NEN 7360 4448 
1157 NEN 7424 4448 
1158 NEN 7488 4448 
1159 NEN 7552 4448 
1160 NEN 7616 4448 
1161 NEN 7680 4448 
1162 NEN 7744 4448 
1163 NEN 7808 4448 
1164 NEN 7872 4448 
1165 NEN 7936 4448 
1166 NEN 8000 4448 
1167 NEN 8064 4448 
1168 NEN 8128 4448 
1169 NEN 8192 4448 
1170 NEN 8256 4448 
1171 NEN 8320 4448 
1172 NEN 8384 4448 
1173 NEN 8448 4448 
1174 NEN 8512 4448 
1175 NEN 8576 4448 
1176 NEN 8640 4448 
1177 NEN 8704 4448 
1178 NEN 8768 4448 
1179 NEN 8832 4448 
1180 NEN 8896 4448 
1181 NEN 8960 4448 
1182 NEN 9024 4448 
1183 NEN 9088 4448 
1184 NEN 6464 4480 
1185 NEN 6528 4480 
1186 NEN 6592 4480 
1187 NEN 6656 4480 
1188 NEN 6720 4480 
1189 NEN 6784 4480 
1190 NEN 6848 4480 
1191 NEN 6912 4480 
1192 NEN 6976 4480 
1193 NEN 7040 4480 
1194 NEN 7104 4480 
1195 NEN 7168 4480 
1196 NEN 7232 4480 
1197 NEN 7296 4480 
1198 NEN 7360 4480 
1199 NEN 7424 4480 
1200 NEN 7488 4480 
1201 NEN 7552 4480 
1202 NEN 7616 4480 
1203 NEN 7680 4480 
1204 NEN 7744 4480 
1205 NEN 7808 4480 
1206 NEN 7872 4480 
1207 NEN 7936 4480 
1208 NEN 8000 4480 
1209 NEN 8064 4480 
1210 NEN 8128 4480 
1211 NEN 8192 4480 
1212 NEN 8256 4480 
1213 NEN 8320 4480 
1214 NEN 8384 4480 
1215 NEN 8448 4480 
1216 NEN 8512 4480 
1217 NEN 8576 4480 
1218 NEN 8640 4480 
1219 NEN 8704 4480 
1220 NEN 8768 4480 
1221 NEN 8832 4480 
1222 NEN 8896 4480 
1223 NEN 8960 4480 
1224 NEN 9024 4480 
1225 NEN 9088 4480 
1226 NEN 6464 4512 
1227 NEN 6528 4512 
1228 NEN 6592 4512 
1229 NEN 6656 4512 
1230 NEN 6720 4512 
1231 NEN 6784 4512 
1232 NEN 6848 4512 
1233 NEN 6912 4512 
1234 NEN 6976 4512 
1235 NEN 7040 4512 
1236 NEN 7104 4512 
1237 NEN 7168 4512 
1238 NEN 7232 4512 
1239 NEN 7296 4512 
1240 NEN 7360 4512 
1241 NEN 7424 4512 
1242 NEN 7488 4512 
1243 NEN 7552 4512 
1244 NEN 7616 4512 
1245 NEN 7680 4512 
1246 NEN 7744 4512 
1247 NEN 7808 4512 
1248 NEN 7872 4512 
1249 NEN 7936 4512 
1250 NEN 8000 4512 
1251 NEN 8064 4512 
1252 NEN 8128 4512 
1253 NEN 8192 4512 
1254 NEN 8256 4512 
1255 NEN 8320 4512 
1256 NEN 8384 4512 
1257 NEN 8448 4512 
1258 NEN 8512 4512 
1259 NEN 8576 4512 
1260 NEN 8640 4512 
1261 NEN 8704 4512 
1262 NEN 8768 4512 
1263 NEN 8832 4512 
1264 NEN 8896 4512 
1265 NEN 8960 4512 
1266 NEN 9024 4512 
1267 NEN 9088 4512 
1268 NEN 6464 4544 
1269 NEN 6528 4544 
1270 NEN 6592 4544 
1271 NEN 6656 4544 
1272 NEN 6720 4544 
1273 NEN 6784 4544 
1274 NEN 6848 4544 
1275 NEN 6912 4544 
1276 NEN 6976 4544 
1277 NEN 7040 4544 
1278 NEN 7104 4544 
1279 NEN 7168 4544 
1280 NEN 7232 4544 
1281 NEN 7296 4544 
1282 NEN 7360 4544 
1283 NEN 7424 4544 
1284 NEN 7488 4544 
1285 NEN 7552 4544 
1286 NEN 7616 4544 
1287 NEN 7680 4544 
1288 NEN 7744 4544 
1289 NEN 7808 4544 
1290 NEN 7872 4544 
1291 NEN 7936 4544 
1292 NEN 8000 4544 
1293 NEN 8064 4544 
1294 NEN 8128 4544 
1295 NEN 8192 4544 
1296 NEN 8256 4544 
1297 NEN 8320 4544 
1298 NEN 8384 4544 
1299 NEN 8448 4544 
1300 NEN 8512 4544 
1301 NEN 8576 4544 
1302 NEN 8640 4544 
1303 NEN 8704 4544 
1304 NEN 8768 4544 
1305 NEN 8832 4544 
1306 NEN 8896 4544 
1307 NEN 8960 4544 
1308 NEN 9024 4544 
1309 NEN 9088 4544 
1310 NEN 6464 4576 
1311 NEN 6528 4576 
1312 NEN 6592 4576 
1313 NEN 6656 4576 
1314 NEN 6720 4576 
1315 NEN 6784 4576 
1316 NEN 6848 4576 
1317 NEN 6912 4576 
1318 NEN 6976 4576 
1319 NEN 7040 4576 
1320 NEN 7104 4576 
1321 NEN 7168 4576 
1322 NEN 7232 4576 
1323 NEN 7296 4576 
1324 NEN 7360 4576 
1325 NEN 7424 4576 
1326 NEN 7488 4576 
1327 NEN 7552 4576 
1328 NEN 7616 4576 
1329 NEN 7680 4576 
1330 NEN 7744 4576 
1331 NEN 7808 4576 
1332 NEN 7872 4576 
1333 NEN 7936 4576 
1334 NEN 8000 4576 
1335 NEN 8064 4576 
1336 NEN 8128 4576 
1337 NEN 8192 4576 
1338 NEN 8256 4576 
1339 NEN 8320 4576 
1340 NEN 8384 4576 
1341 NEN 8448 4576 
1342 NEN 8512 4576 
1343 NEN 8576 4576 
1344 NEN 8640 4576 
1345 NEN 8704 4576 
1346 NEN 8768 4576 
1347 NEN 8832 4576 
1348 NEN 8896 4576 
1349 NEN 8960 4576 
1350 NEN 9024 4576 
1351 NEN 9088 4576 
1352 NEN 6464 4608 
1353 NEN 6528 4608 
1354 NEN 6592 4608 
1355 NEN 6656 4608 
1356 NEN 6720 4608 
1357 NEN 6784 4608 
1358 NEN 6848 4608 
1359 NEN 6912 4608 
1360 NEN 6976 4608 
1361 NEN 7040 4608 
1362 NEN 7104 4608 
1363 NEN 7168 4608 
1364 NEN 7232 4608 
1365 NEN 7296 4608 
1366 NEN 7360 4608 
1367 NEN 7424 4608 
1368 NEN 7488 4608 
1369 NEN 7552 4608 
1370 NEN 7616 4608 
1371 NEN 7680 4608 
1372 NEN 7744 4608 
1373 NEN 7808 4608 
1374 NEN 7872 4608 
1375 NEN 7936 4608 
1376 NEN 8000 4608 
1377 NEN 8064 4608 
1378 NEN 8128 4608 
1379 NEN 8192 4608 
1380 NEN 8256 4608 
1381 NEN 8320 4608 
1382 NEN 8384 4608 
1383 NEN 8448 4608 
1384 NEN 8512 4608 
1385 NEN 8576 4608 
1386 NEN 8640 4608 
1387 NEN 8704 4608 
1388 NEN 8768 4608 
1389 NEN 8832 4608 
1390 NEN 8896 4608 
1391 NEN 8960 4608 
1392 NEN 9024 4608 
1393 NEN 9088 4608 
1394 NEN 6464 4640 
1395 NEN 6528 4640 
1396 NEN 6592 4640 
1397 NEN 6656 4640 
1398 NEN 6720 4640 
1399 NEN 6784 4640 
1400 NEN 6848 4640 
1401 NEN 6912 4640 
1402 NEN 6976 4640 
1403 NEN 7040 4640 
1404 NEN 7104 4640 
1405 NEN 7168 4640 
1406 NEN 7232 4640 
1407 NEN 7296 4640 
1408 NEN 7360 4640 
1409 NEN 7424 4640 
1410 NEN 7488 4640 
1411 NEN 7552 4640 
1412 NEN 7616 4640 
1413 NEN 7680 4640 
1414 NEN 7744 4640 
1415 NEN 7808 4640 
1416 NEN 7872 4640 
1417 NEN 7936 4640 
1418 NEN 8000 4640 
1419 NEN 8064 4640 
1420 NEN 8128 4640 
1421 NEN 8192 4640 
1422 NEN 8256 4640 
1423 NEN 8320 4640 
1424 NEN 8384 4640 
1425 NEN 8448 4640 
1426 NEN 8512 4640 
1427 NEN 8576 4640 
1428 NEN 8640 4640 
1429 NEN 8704 4640 
1430 NEN 8768 4640 
1431 NEN 8832 4640 
1432 NEN 8896 4640 
1433 NEN 8960 4640 
1434 NEN 9024 4640 
1435 NEN 9088 4640 
1436 NEN 6464 4672 
1437 NEN 6528 4672 
1438 NEN 6592 4672 
1439 NEN 6656 4672 
1440 NEN 6720 4672 
1441 NEN 6784 4672 
1442 NEN 6848 4672 
1443 NEN 6912 4672 
1444 NEN 6976 4672 
1445 NEN 7040 4672 
1446 NEN 7104 4672 
1447 NEN 7168 4672 
1448 NEN 7232 4672 
1449 NEN 7296 4672 
1450 NEN 7360 4672 
1451 NEN 7424 4672 
1452 NEN 7488 4672 
1453 NEN 7552 4672 
1454 NEN 7616 4672 
1455 NEN 7680 4672 
1456 NEN 7744 4672 
1457 NEN 7808 4672 
1458 NEN 7872 4672 
1459 NEN 7936 4672 
1460 NEN 8000 4672 
1461 NEN 8064 4672 
1462 NEN 8128 4672 
1463 NEN 8192 4672 
1464 NEN 8256 4672 
1465 NEN 8320 4672 
1466 NEN 8384 4672 
1467 NEN 8448 4672 
1468 NEN 8512 4672 
1469 NEN 8576 4672 
1470 NEN 8640 4672 
1471 NEN 8704 4672 
1472 NEN 8768 4672 
1473 NEN 8832 4672 
1474 NEN 8896 4672 
1475 NEN 8960 4672 
1476 NEN 9024 4672 
1477 NEN 9088 4672 
1478 NEN 6465 4687 
1479 NEN 6528 4688 
1480 NEN 6593 4687 
1481 NEN 6657 4686 
1482 NEN 6721 4687 
1483 NEN 6785 4685 
1484 NEN 6849 4685 
1485 NEN 6913 4685 
1486 NEN 6592 4684 
1487 NEN 6978 4684 
1488 NEN 6979 4686 
1489 NEN 7043 4686 
1490 NEN 7108 4686 
1491 NEN 7172 4685 
1492 NEN 7236 4684 
1493 NEN 7301 4685 
1494 NEN 7366 4685 
1495 NEN 7431 4685 
1496 NEN 7495 4684 
1497 NEN 7497 4686 
1498 NEN 7561 4686 
1499 NEN 7626 4684 
1500 NEN 7625 4686 
1501 NEN 7690 4683 
1502 NEN 7690 4686 
1503 NEN 7758 4684 
1504 NEN 7756 4686 
1505 NEN 7754 4685 
1506 NEN 7822 4686 
1507 NEN 7887 4686 
1508 NEN 7886 4683 
1509 NEN 7952 4685 
1510 NEN 7951 4684 
1511 NEN 8016 4686 
1512 NEN 8080 4685 
1513 NEN 8144 4686 
1514 NEN 8208 4685 
1515 NEN 8273 4685 
1516 NEN 8338 4686 
1517 NEN 8404 4684 
1518 NEN 8466 4685 
1519 NEN 8403 4681 
1520 NEN 8402 4681 
1521 NEN 8512 4320 
1522 NEN 8576 4320 
1523 NEN 8640 4320 
1524 NEN 8704 4320 
1525 NEN 8768 4320 
1526 NEN 8832 4320 
1527 NEN 8896 4320 
1528 NEN 8960 4320 
1529 NEN 9024 4320 
1530 NEN 9088 4320 
1531 NEN 8512 4352 
1532 NEN 8576 4352 
1533 NEN 8640 4352 
1534 NEN 8704 4352 
1535 NEN 8768 4352 
1536 NEN 8832 4352 
1537 NEN 8896 4352 
1538 NEN 8960 4352 
1539 NEN 9024 4352 
1540 NEN 9088 4352 
1541 NEN 8512 4384 
1542 NEN 8576 4384 
1543 NEN 8640 4384 
1544 NEN 8704 4384 
1545 NEN 8768 4384 
1546 NEN 8832 4384 
1547 NEN 8896 4384 
1548 NEN 8960 4384 
1549 NEN 9024 4384 
1550 NEN 9088 4384 
1551 NEN 8512 4416 
1552 NEN 8576 4416 
1553 NEN 8640 4416 
1554 NEN 8704 4416 
1555 NEN 8768 4416 
1556 NEN 8832 4416 
1557 NEN 8896 4416 
1558 NEN 8960 4416 
1559 NEN 9024 4416 
1560 NEN 9088 4416 
1561 NEN 8512 4448 
1562 NEN 8576 4448 
1563 NEN 8640 4448 
1564 NEN 8704 4448 
1565 NEN 8768 4448 
1566 NEN 8832 4448 
1567 NEN 8896 4448 
1568 NEN 8960 4448 
1569 NEN 9024 4448 
1570 NEN 9088 4448 
1571 NEN 8512 4480 
1572 NEN 8576 4480 
1573 NEN 8640 4480 
1574 NEN 8704 4480 
1575 NEN 8768 4480 
1576 NEN 8832 4480 
1577 NEN 8896 4480 
1578 NEN 8960 4480 
1579 NEN 9024 4480 
1580 NEN 9088 4480 
1581 NEN 8512 4512 
1582 NEN 8576 4512 
1583 NEN 8640 4512 
1584 NEN 8704 4512 
1585 NEN 8768 4512 
1586 NEN 8832 4512 
1587 NEN 8896 4512 
1588 NEN 8960 4512 
1589 NEN 9024 4512 
1590 NEN 9088 4512 
1591 NEN 8512 4544 
1592 NEN 8576 4544 
1593 NEN 8640 4544 
1594 NEN 8704 4544 
1595 NEN 8768 4544 
1596 NEN 8832 4544 
1597 NEN 8896 4544 
1598 NEN 8960 4544 
1599 NEN 9024 4544 
1600 NEN 9088 4544 
1601 NEN 8512 4576 
1602 NEN 8576 4576 
1603 NEN 8640 4576 
1604 NEN 8704 4576 
1605 NEN 8768 4576 
1606 NEN 8832 4576 
1607 NEN 8896 4576 
1608 NEN 8960 4576 
1609 NEN 9024 4576 
1610 NEN 9088 4576 
1611 NEN 8512 4608 
1612 NEN 8576 4608 
1613 NEN 8640 4608 
1614 NEN 8704 4608 
1615 NEN 8768 4608 
1616 NEN 8832 4608 
1617 NEN 8896 4608 
1618 NEN 8960 4608 
1619 NEN 9024 4608 
1620 NEN 9088 4608 
1621 NEN 8512 4640 
1622 NEN 8576 4640 
1623 NEN 8640 4640 
1624 NEN 8704 4640 
1625 NEN 8768 4640 
1626 NEN 8832 4640 
1627 NEN 8896 4640 
1628 NEN 8960 4640 
1629 NEN 9024 4640 
1630 NEN 9088 4640 
1631 NEN 8512 4672 
1632 NEN 8576 4672 
1633 NEN 8640 4672 
1634 NEN 8704 4672 
1635 NEN 8768 4672 
1636 NEN 8832 4672 
1637 NEN 8896 4672 
1638 NEN 8960 4672 
1639 NEN 9024 4672 
1640 NEN 9088 4672 
1641 NEN 8512 4704 
1642 NEN 8576 4704 
1643 NEN 8640 4704 
1644 NEN 8704 4704 
1645 NEN 8768 4704 
1646 NEN 8832 4704 
1647 NEN 8896 4704 
1648 NEN 8960 4704 
1649 NEN 9024 4704 
1650 NEN 9088 4704 
1651 NEN 8512 4736 
1652 NEN 8576 4736 
1653 NEN 8640 4736 
1654 NEN 8704 4736 
1655 NEN 8768 4736 
1656 NEN 8832 4736 
1657 NEN 8896 4736 
1658 NEN 8960 4736 
1659 NEN 9024 4736 
1660 NEN 9088 4736 
1661 NEN 8512 4768 
1662 NEN 8576 4768 
1663 NEN 8640 4768 
1664 NEN 8704 4768 
1665 NEN 8768 4768 
1666 NEN 8832 4768 
1667 NEN 8896 4768 
1668 NEN 8960 4768 
1669 NEN 9024 4768 
1670 NEN 9088 4768 
1671 NEN 8512 4800 
1672 NEN 8576 4800 
1673 NEN 8640 4800 
1674 NEN 8704 4800 
1675 NEN 8768 4800 
1676 NEN 8832 4800 
1677 NEN 8896 4800 
1678 NEN 8960 4800 
1679 NEN 9024 4800 
1680 NEN 9088 4800 
1681 NEN 8512 4832 
1682 NEN 8576 4832 
1683 NEN 8640 4832 
1684 NEN 8704 4832 
1685 NEN 8768 4832 
1686 NEN 8832 4832 
1687 NEN 8896 4832 
1688 NEN 8960 4832 
1689 NEN 9024 4832 
1690 NEN 9088 4832 
1691 NEN 8512 4864 
1692 NEN 8576 4864 
1693 NEN 8640 4864 
1694 NEN 8704 4864 
1695 NEN 8768 4864 
1696 NEN 8832 4864 
1697 NEN 8896 4864 
1698 NEN 8960 4864 
1699 NEN 9024 4864 
1700 NEN 9088 4864 
1701 NEN 8512 4896 
1702 NEN 8576 4896 
1703 NEN 8640 4896 
1704 NEN 8704 4896 
1705 NEN 8768 4896 
1706 NEN 8832 4896 
1707 NEN 8896 4896 
1708 NEN 8960 4896 
1709 NEN 9024 4896 
1710 NEN 9088 4896 
1711 NEN 8512 4928 
1712 NEN 8576 4928 
1713 NEN 8640 4928 
1714 NEN 8704 4928 
1715 NEN 8768 4928 
1716 NEN 8832 4928 
1717 NEN 8896 4928 
1718 NEN 8960 4928 
1719 NEN 9024 4928 
1720 NEN 9088 4928 
1721 NEN 8512 4960 
1722 NEN 8576 4960 
1723 NEN 8640 4960 
1724 NEN 8704 4960 
1725 NEN 8768 4960 
1726 NEN 8832 4960 
1727 NEN 8896 4960 
1728 NEN 8960 4960 
1729 NEN 9024 4960 
1730 NEN 9088 4960 
1731 NEN 8512 4992 
1732 NEN 8576 4992 
1733 NEN 8640 4992 
1734 NEN 8704 4992 
1735 NEN 8768 4992 
1736 NEN 8832 4992 
1737 NEN 8896 4992 
1738 NEN 8960 4992 
1739 NEN 9024 4992 
1740 NEN 9088 4992 
<End>