6400 4800
1 _LAND1 0 32 
2 _LAND1 64 32 
3 _LAND1 128 32 
4 _LAND1 192 32 
5 _LAND1 256 32 
6 _LAND1 320 32 
7 _LAND1 384 32 
8 _LAND1 448 32 
9 _LAND1 512 32 
10 _LAND1 576 32 
11 _LAND1 640 32 
12 _LAND1 704 32 
13 _LAND1 768 32 
14 _LAND1 832 32 
15 _LAND1 896 32 
16 _LAND1 960 32 
17 _LAND1 1024 32 
18 _LAND1 1088 32 
19 _LAND1 1152 32 
20 _LAND1 1216 32 
21 _LAND1 1280 32 
22 _LAND1 1408 32 
23 _LAND1 1472 32 
24 _LAND1 1536 32 
25 _LAND1 1600 32 
26 _LAND1 1664 32 
27 _LAND1 1728 32 
28 _LAND1 1792 32 
29 _LAND1 0 64 
30 _LAND1 64 64 
31 _LAND1 128 64 
32 _LAND1 192 64 
33 _LAND1 256 64 
34 _LAND1 320 64 
35 _LAND1 384 64 
36 _LAND1 448 64 
37 _LAND1 512 64 
38 _LAND1 576 64 
39 _LAND1 640 64 
40 _LAND1 704 64 
41 _LAND1 768 64 
42 _LAND1 832 64 
43 _LAND1 896 64 
44 _LAND1 960 64 
45 _LAND1 1024 64 
46 _LAND1 1088 64 
47 _LAND1 1152 64 
48 _LAND1 1216 64 
49 _LAND1 1280 64 
50 _LAND1 1408 64 
51 _LAND1 1472 64 
52 _LAND1 1536 64 
53 _LAND1 1600 64 
54 _LAND1 1664 64 
55 _LAND1 1728 64 
56 _LAND1 1792 64 
57 LAND1 0 96 
58 LAND1 32 96 
59 LAND1 64 96 
60 LAND1 96 96 
61 LAND1 128 96 
62 LAND1 160 96 
63 LAND1 192 96 
64 LAND1 224 96 
65 LAND1 256 96 
66 LAND1 288 96 
67 LAND1 320 96 
68 LAND1 352 96 
69 LAND1 384 96 
70 LAND1 416 96 
71 LAND1 448 96 
72 LAND1 480 96 
73 LAND1 512 96 
74 LAND1 544 96 
75 LAND1 576 96 
76 LAND1 608 96 
77 LAND1 640 96 
78 LAND1 672 96 
79 LAND1 704 96 
80 LAND1 736 96 
81 LAND1 768 96 
82 LAND1 800 96 
83 LAND1 832 96 
84 LAND1 864 96 
85 LAND1 896 96 
86 LAND1 928 96 
87 LAND1 960 96 
88 LAND1 992 96 
89 LAND1 1024 96 
90 LAND1 1056 96 
91 LAND1 1088 96 
92 LAND1 1120 96 
93 LAND1 0 288 
94 LAND1 32 288 
95 LAND1 64 288 
96 LAND1 96 288 
97 LAND1 128 288 
98 LAND1 192 288 
99 LAND1 224 288 
100 LAND1 256 288 
101 LAND1 288 288 
102 LAND1 352 288 
103 LAND1 704 288 
104 LAND1 736 288 
105 LAND1 768 288 
106 LAND1 800 288 
107 LAND1 864 288 
108 LAND3 257 160 
109 LAND3 768 353 
110 LAND3 769 161 
111 LAND1 1536 96 
112 LAND1 1568 96 
113 LAND1 1600 96 
114 LAND1 1632 96 
115 LAND1 1664 96 
116 LAND1 1696 96 
117 LAND1 1728 96 
118 LAND1 1760 96 
119 LAND1 1792 96 
120 LAND1 1824 96 
121 LAND1 960 288 
122 LAND1 992 288 
123 LAND1 1216 224 
124 LAND1 1248 224 
125 LAND1 1280 224 
126 LAND1 1312 224 
127 LAND1 1408 192 
128 LAND1 1440 192 
129 LAND1 1728 192 
130 LAND1 1760 192 
131 LAND1 1472 128 
132 LAND1 1504 128 
133 _LAND1 1152 96 
134 _LAND1 1216 96 
135 _LAND1 1280 96 
136 _LAND1 1408 96 
137 _LAND1 1472 96 
138 _LAND1 1216 128 
139 _LAND1 1280 128 
140 _LAND1 1408 128 
141 _LAND1 1280 160 
142 _LAND1 1280 192 
143 _LAND1 1408 160 
144 LAND1 1792 192 
145 _LAND1 1856 32 
146 _LAND1 1920 32 
147 _LAND1 1856 64 
148 _LAND1 1920 64 
149 _LAND1 1984 64 
150 LAND1 1856 96 
151 _LAND1 1888 96 
152 _LAND1 1952 96 
153 LAND1 1888 160 
154 _LAND1 1888 128 
155 _LAND1 1952 128 
156 _LAND1 1920 160 
157 LAND1 1824 352 
158 LAND1 1856 352 
159 LAND1 1888 352 
160 LAND1 1920 352 
161 LAND1 1952 352 
162 LAND1 1984 352 
163 LAND1 1568 544 
164 LAND1 1600 544 
165 LAND1 1632 544 
166 LAND1 1664 544 
167 LAND1 1696 544 
168 LAND1 1728 544 
169 LAND1 1760 544 
170 LAND1 1792 544 
171 LAND1 1824 544 
172 LAND1 1856 544 
173 LAND1 1760 736 
174 LAND1 1792 736 
175 LAND1 1824 800 
176 LAND1 1856 800 
177 LAND1 1888 864 
178 LAND1 1920 864 
179 LAND1 1952 864 
180 LAND1 1984 864 
181 LAND1 1856 1024 
182 LAND1 1888 1024 
183 LAND1 1920 1024 
184 LAND1 1664 1088 
185 LAND1 1696 1088 
186 LAND1 1729 1023 
187 LAND1 1952 1344 
188 LAND1 1984 1344 
189 LAND1 1888 1280 
190 LAND1 1920 1280 
191 LAND1 1856 1504 
192 LAND1 1888 1504 
193 LAND1 1920 1504 
194 LAND1 1664 1504 
195 LAND1 1696 1504 
196 LAND1 1728 1504 
197 LAND1 1760 1504 
198 LAND1 1728 1664 
199 LAND1 1760 1664 
200 LAND1 1792 1664 
201 LAND1 1824 1664 
202 LAND1 1856 1664 
203 LAND1 1888 1664 
204 LAND1 1920 1664 
205 LAND1 1664 1760 
206 LAND1 1696 1760 
207 LAND1 1728 1760 
208 LAND1 1760 1760 
209 LAND1 1792 1760 
210 LAND1 1696 1984 
211 LAND1 1728 1984 
212 LAND1 1760 1984 
213 LAND1 1792 1984 
214 LAND1 1824 1984 
215 LAND1 1856 1984 
216 LAND1 1888 1984 
217 LAND1 1920 1984 
218 LAND1 1952 2016 
219 LAND1 1984 2016 
220 LAND1 2016 2016 
221 LAND1 2048 2016 
222 LAND1 2080 2016 
223 LAND1 2112 2016 
224 LAND1 2144 2016 
225 LAND1 2176 2080 
226 LAND1 2208 2080 
227 LAND1 2240 2144 
228 LAND1 2272 2144 
229 LAND1 2304 2144 
230 LAND1 2336 2144 
231 LAND1 2048 2176 
232 LAND1 2080 2176 
233 LAND1 2432 2112 
234 LAND1 2464 2112 
235 LAND1 2560 2016 
236 LAND1 2592 2016 
237 LAND1 2624 2016 
238 LAND1 2656 2016 
239 LAND1 2688 2016 
240 LAND1 2720 2016 
241 LAND1 2752 2016 
242 LAND1 2784 2016 
243 LAND1 2816 2016 
244 LAND1 2848 2016 
245 LAND1 2880 2080 
246 LAND1 2720 2112 
247 LAND1 2752 2112 
248 LAND1 2784 2112 
249 LAND1 2720 2272 
250 LAND1 2816 2272 
251 LAND1 2848 2272 
252 LAND1 2880 2272 
253 LAND1 2912 2272 
254 LAND1 2592 2496 
255 LAND1 2624 2496 
256 LAND1 2656 2496 
257 LAND1 2688 2496 
258 LAND1 2720 2496 
259 LAND1 2752 2496 
260 LAND1 2784 2496 
261 LAND1 2816 2496 
262 LAND1 2848 2496 
263 LAND1 2560 2496 
264 LAND1 2560 2656 
265 LAND1 2592 2656 
266 LAND1 2880 2656 
267 LAND1 2912 2656 
268 LAND1 2752 2688 
269 LAND1 2784 2688 
270 LAND1 2880 2752 
271 LAND1 2912 2752 
272 LAND1 2560 2752 
273 LAND1 2592 2752 
274 LAND1 2720 2944 
275 LAND1 2752 2944 
276 LAND1 2784 2944 
277 LAND1 2816 2944 
278 LAND1 2848 2944 
279 LAND1 2689 2944 
280 LAND1 2752 3040 
281 LAND1 2784 3040 
282 LAND1 2560 3040 
283 LAND1 2592 3040 
284 LAND1 2624 3040 
285 LAND1 2656 3040 
286 LAND3 2561 3105 
287 LAND1 2816 3104 
288 LAND1 2848 3104 
289 LAND1 2561 3424 
290 LAND1 2880 3168 
291 LAND1 2912 3168 
292 LAND1 2593 3424 
293 LAND1 2688 3520 
294 LAND1 2720 3520 
295 LAND1 2752 3520 
296 LAND1 2784 3520 
297 LAND1 2816 3520 
298 LAND1 2848 3520 
299 LAND1 2624 3520 
300 LAND1 2656 3520 
301 LAND1 2560 3648 
302 LAND1 2912 3648 
303 LAND1 2624 3904 
304 LAND1 2656 3904 
305 LAND1 2688 3904 
306 LAND1 2720 3904 
307 LAND1 2752 3904 
308 LAND1 2784 3904 
309 LAND1 2816 3904 
310 LAND1 2848 3904 
311 LAND1 2880 3904 
312 LAND1 2593 3648 
313 LAND1 2561 3904 
314 LAND1 2881 3648 
315 LAND1 2912 3904 
316 LAND1 2944 3936 
317 LAND1 3008 4000 
318 LAND1 3040 4000 
319 LAND1 3072 4064 
320 LAND1 3104 4064 
321 LAND1 3136 4064 
322 LAND1 3168 4064 
323 LAND1 3200 4128 
324 LAND1 3232 4128 
325 LAND1 3264 4128 
326 LAND1 3296 4128 
327 LAND1 3328 4128 
328 LAND1 3360 4128 
329 LAND1 3392 4128 
330 LAND1 3424 4128 
331 LAND1 3456 4128 
332 LAND1 3488 4128 
333 LAND1 3520 4064 
334 LAND1 3552 4064 
335 LAND1 3584 4064 
336 LAND1 3616 4064 
337 LAND1 3680 4064 
338 LAND1 3712 4064 
339 LAND1 3744 4064 
340 LAND1 3776 4064 
341 LAND1 3808 4064 
342 LAND1 3584 3936 
343 LAND1 3616 3936 
344 LAND1 3648 3936 
345 LAND1 3680 3936 
346 LAND1 3712 3936 
347 LAND1 3744 3936 
348 LAND1 3776 3936 
349 LAND1 3808 3936 
350 LAND1 3840 3936 
351 LAND1 3872 3936 
352 LAND1 3936 3935 
353 LAND1 3776 3744 
354 LAND1 3808 3744 
355 LAND1 3840 3744 
356 LAND1 3872 3744 
357 LAND1 3904 3744 
358 LAND1 3936 3744 
359 LAND1 3713 3743 
360 LAND1 3969 3744 
361 LAND1 3872 3552 
362 LAND1 3904 3552 
363 LAND1 3744 3552 
364 LAND1 3776 3552 
365 LAND1 3616 3424 
366 LAND1 3648 3424 
367 LAND1 3680 3424 
368 LAND1 3712 3424 
369 LAND1 3777 3424 
370 LAND1 3776 3040 
371 LAND1 3808 3040 
372 LAND1 3968 3040 
373 LAND1 4000 3040 
374 LAND1 3968 3200 
375 LAND1 4000 3200 
376 LAND1 3648 2912 
377 LAND1 3680 2912 
378 LAND1 3712 2912 
379 LAND1 3744 2912 
380 LAND1 3776 2912 
381 LAND1 3808 2880 
382 LAND1 3840 2880 
383 LAND1 3872 2880 
384 LAND1 3904 2880 
385 LAND1 3936 2880 
386 LAND1 3968 2880 
387 LAND1 4000 2880 
388 LAND1 4032 2880 
389 _LAND1 1664 1056 
390 _LAND1 1664 1024 
391 _LAND1 1953 1280 
392 _LAND1 1953 1313 
393 LAND3 2687 3587 
394 LAND1 1055 242 
395 LAND1 1087 242 
396 LAND1 1185 130 
397 LAND1 1152 130 
398 LAND3 320 160 
399 LAND3 320 224 
400 LAND3 832 160 
401 LAND3 832 224 
402 LADDER6 159 287 
403 LADDER2 321 287 
404 LADDER6 673 288 
405 LAND1 448 288 
406 LAND1 480 288 
407 LAND1 512 288 
408 LAND1 544 288 
409 LAND1 576 288 
410 LAND1 608 288 
411 LAND1 640 288 
412 LADDER6 1696 351 
413 LAND1 1664 352 
414 LADDER6 1631 737 
415 LADDER6 1856 1218 
416 LADDER6 1665 1280 
417 LADDER5 1697 1665 
418 LADDER6 2687 2272 
419 LADDER6 2593 3904 
420 LADDER2 3745 3744 
421 LAND1 3650 4064 
422 MOVEMAP 1632 629 
423 MOVEMAP 1857 1186 
424 MOVEMAP 1666 1191 
425 LADDER4 2625 3649 
426 LADDER7 1663 1983 
427 MOVEMAP 1696 1689 
428 MOVEMAP 2687 2265 
429 LADDER2 832 287 
430 LAND1 1825 1219 
431 LAND1 1664 1666 
432 MOVEMAP 2562 3351 
433 MOVEMAP 2592 3924 
434 MOVEMAP 3746 3366 
435 MOVEMAP 3903 3901 
436 LADDER6 3904 3935 
437 _LAND1 1216 192 
438 LAND2 1248 160 
439 LAND5 1216 160 
440 LAND1 1729 352 
441 LADDER6 3745 3424 
442 LAND1 3744 3231 
443 LAND1 3776 3231 
444 LADDER6 3616 2912 
445 LAND1 3615 2721 
446 LAND1 3648 2721 
447 MOVEMAP 3687 2700 
448 _LAND1 3616 2144 
449 _LAND1 3680 2144 
450 _LAND1 3744 2144 
451 _LAND1 3808 2144 
452 _LAND1 3872 2144 
453 _LAND1 3936 2144 
454 _LAND1 4000 2144 
455 _LAND1 4064 2144 
456 _LAND1 4128 2144 
457 _LAND1 4192 2144 
458 _LAND1 4256 2144 
459 _LAND1 4320 2144 
460 _LAND1 4384 2144 
461 _LAND1 3616 2176 
462 _LAND1 3680 2176 
463 _LAND1 3744 2176 
464 _LAND1 3808 2176 
465 _LAND1 3872 2176 
466 _LAND1 3936 2176 
467 _LAND1 4000 2176 
468 _LAND1 4064 2176 
469 _LAND1 4128 2176 
470 _LAND1 4192 2176 
471 _LAND1 4256 2176 
472 _LAND1 4320 2176 
473 _LAND1 4384 2176 
474 LAND3 3616 2305 
475 LAND3 3679 2241 
476 LAND3 3680 2304 
477 LAND3 3743 2240 
478 _LAND1 3616 2239 
479 _LAND1 3616 2207 
480 LAND1 3808 2208 
481 LAND1 3840 2208 
482 LAND1 3872 2208 
483 LAND1 3904 2208 
484 LAND1 3936 2208 
485 LAND1 3968 2208 
486 LAND1 4000 2208 
487 LAND1 4032 2208 
488 LAND1 4064 2208 
489 LAND1 4096 2208 
490 LAND1 4128 2208 
491 LAND1 4160 2208 
492 LAND1 4192 2208 
493 LAND1 4224 2208 
494 LAND1 4256 2208 
495 LAND1 4288 2208 
496 LAND1 4320 2208 
497 LAND1 4352 2208 
498 LAND1 4384 2208 
499 LAND1 4416 2208 
500 LAND1 4480 2240 
501 LAND1 4512 2240 
502 LAND1 4544 2240 
503 LAND1 4576 2240 
504 LAND1 4608 2240 
505 LAND1 4640 2240 
506 LAND1 4672 2240 
507 LAND1 4704 2240 
508 LAND1 4736 2240 
509 LAND1 4768 2240 
510 LAND1 4800 2240 
511 LAND1 4832 2240 
512 LAND1 4864 2240 
513 LAND1 4896 2240 
514 LAND1 4928 2240 
515 LAND1 4960 2240 
516 LAND1 4992 2240 
517 LAND1 5024 2240 
518 LAND1 5056 2240 
519 LAND1 5088 2240 
520 LAND1 5120 2240 
521 LAND1 5152 2240 
522 LAND1 5184 2240 
523 LAND1 5216 2240 
524 LAND1 5248 2240 
525 LAND1 5280 2240 
526 LAND1 5312 2240 
527 LAND1 5344 2240 
528 LAND1 5376 2240 
529 LAND1 5408 2240 
530 LAND1 5440 2240 
531 LAND1 5472 2240 
532 LAND1 5504 2240 
533 LAND1 5536 2240 
534 LAND1 5568 2240 
535 LAND1 5600 2240 
536 LAND1 5632 2240 
537 LAND1 5664 2240 
538 LAND1 5696 2240 
539 LAND1 5728 2240 
540 LAND1 4448 2240 
541 LAND3 5761 2240 
542 LAND3 5825 2239 
543 _LAND1 3616 2112 
544 _LAND1 3680 2112 
545 _LAND1 3744 2112 
546 _LAND1 3808 2112 
547 _LAND1 3872 2112 
548 _LAND1 3936 2112 
549 _LAND1 4000 2112 
550 _LAND1 4064 2112 
551 _LAND1 4128 2112 
552 _LAND1 4192 2112 
553 _LAND1 4256 2112 
554 _LAND1 4320 2112 
555 _LAND1 4384 2112 
556 LAND1 5760 2176 
557 LAND1 5792 2176 
558 LAND1 5824 2176 
559 LAND1 5856 2176 
560 LAND1 5888 2176 
561 LAND1 5920 2176 
562 LAND1 5952 2176 
563 LAND1 5984 2176 
564 LAND1 6016 2176 
565 LAND1 6048 2176 
566 LAND1 6080 2176 
567 LAND1 6112 2176 
568 LAND1 6144 2176 
569 LAND1 6176 2176 
570 LAND1 6208 2176 
571 LAND1 6240 2176 
572 LAND1 6272 2176 
573 LAND1 6304 2176 
574 LAND1 6336 2176 
575 LAND2 6368 2176 
576 LAND5 6368 2208 
577 LAND2 6368 2240 
578 LAND5 6368 2272 
579 LAND2 6368 2304 
580 LAND5 6368 2336 
581 LAND2 6368 2368 
582 LAND5 6368 2400 
583 LAND2 6368 2432 
584 LAND5 6368 2464 
585 LAND2 6369 2497 
586 _LAND1 5760 2528 
587 _LAND1 5824 2528 
588 _LAND1 5888 2528 
589 _LAND1 5952 2528 
590 _LAND1 6016 2528 
591 _LAND1 6080 2528 
592 _LAND1 6144 2528 
593 _LAND1 6208 2528 
594 _LAND1 6272 2528 
595 _LAND1 6336 2528 
596 _LAND1 5696 2432 
597 _LAND1 5696 2464 
598 _LAND1 5696 2496 
599 _LAND1 5696 2528 
600 LAND2 5696 2400 
601 LAND5 5728 2400 
602 LAND1 4448 2400 
603 LAND1 4480 2400 
604 LAND1 4512 2400 
605 LAND1 4544 2400 
606 LAND1 4576 2400 
607 LAND1 4608 2400 
608 LAND1 4640 2400 
609 LAND1 4672 2400 
610 LAND1 4704 2400 
611 LAND1 4736 2400 
612 LAND1 4768 2400 
613 LAND1 4800 2400 
614 LAND1 4832 2400 
615 LAND1 4864 2400 
616 LAND1 4896 2400 
617 LAND1 4928 2400 
618 LAND1 4960 2400 
619 LAND1 4992 2400 
620 LAND1 5024 2400 
621 LAND1 5056 2400 
622 LAND1 5088 2400 
623 LAND1 5120 2400 
624 LAND1 5152 2400 
625 LAND1 5184 2400 
626 LAND1 5216 2400 
627 LAND1 5248 2400 
628 LAND1 5280 2400 
629 LAND1 5312 2400 
630 LAND1 5344 2400 
631 LAND1 5376 2400 
632 LAND1 5408 2400 
633 LAND1 5440 2400 
634 LAND1 5472 2400 
635 LAND1 5504 2400 
636 LAND1 5536 2400 
637 LAND1 5568 2400 
638 LAND1 5600 2400 
639 LAND1 5632 2400 
640 LAND1 5664 2400 
641 CUTMAN 6302 2262 
642 BEAK_R 1732 1588 
643 FLEA 2267 2193 
644 OCTOPUS_D 2755 2075 
645 BEAK 2848 3167 
646 BLADER 3043 4210 
647 SCREW_BOMBER 3899 3588 
648 SCREW_BOMBER 3984 3075 
649 SCREW_BOMBER 5152 2278 
650 BIGEYE 4254 2333 
651 BLADER 2325 2259 
652 BLADER 866 428 
653 BEAK_R 1699 1134 
654 LAND4 1568 512 
655 LAND4 1632 512 
656 LAND4 1696 512 
657 LAND4 1760 512 
658 LAND4 1824 512 
659 LAND2 1664 192 
660 LAND5 1664 224 
661 LAND2 1664 256 
662 LAND5 1664 288 
663 LAND2 1664 320 
664 LAND5 1728 320 
665 LAND2 1920 192 
666 LAND5 1920 224 
667 LAND2 1920 256 
668 LAND5 1920 288 
669 LAND4 1824 320 
670 LAND5 2016 352 
671 LAND2 2016 512 
672 LAND5 2016 544 
673 LAND2 2016 576 
674 LAND5 2016 608 
675 LAND2 2016 640 
676 LAND5 2016 672 
677 LAND2 2016 864 
678 LAND5 2016 896 
679 LAND2 2016 928 
680 LAND5 2016 960 
681 LAND2 2016 992 
682 LAND5 2016 1024 
683 LAND2 2016 1056 
684 LAND5 2016 1088 
685 LAND2 2016 1120 
686 LAND5 2016 1152 
687 LAND2 2016 1184 
688 LAND5 2016 1216 
689 LAND2 2016 1248 
690 LAND5 2016 1280 
691 LAND2 2016 1312 
692 LAND5 2016 1344 
693 LAND2 2016 1376 
694 LAND5 2016 1408 
695 LAND2 2016 1440 
696 LAND5 2016 1472 
697 LAND2 2016 1504 
698 LAND5 2016 1536 
699 LAND2 2016 1568 
700 LAND2 1664 704 
701 LAND5 1664 736 
702 LAND4 1696 1952 
703 LAND2 1760 1920 
704 LAND4 1792 1888 
705 _LAND1 1856 1888 
706 LAND2 1856 1856 
707 LAND5 1888 1824 
708 LAND4 1664 1472 
709 LAND4 1728 1472 
710 LAND4 1760 704 
711 LAND4 1824 704 
712 LAND4 1888 704 
713 LAND4 1952 704 
714 LAND5 1696 1248 
715 LAND2 1696 1280 
716 LAND4 1856 1472 
717 LAND2 1728 992 
718 _LAND1 1664 992 
719 LAND4 1856 992 
720 LAND2 1824 1184 
721 _LAND1 2048 32 
722 _LAND1 2048 64 
723 _LAND1 2016 96 
724 _LAND1 2080 96 
725 _LAND1 2016 128 
726 _LAND1 2080 128 
727 _LAND1 1984 160 
728 _LAND1 2048 160 
729 _LAND1 1952 192 
730 _LAND1 2016 192 
731 _LAND1 2080 192 
732 _LAND1 1952 224 
733 _LAND1 2016 224 
734 _LAND1 2080 224 
735 _LAND1 1952 256 
736 _LAND1 2016 256 
737 _LAND1 2080 256 
738 _LAND1 1952 288 
739 _LAND1 2016 288 
740 _LAND1 2080 288 
741 _LAND1 1888 320 
742 _LAND1 1952 320 
743 _LAND1 2016 320 
744 _LAND1 2080 320 
745 _LAND1 2048 352 
746 _LAND1 2048 384 
747 _LAND1 2048 416 
748 _LAND1 2048 448 
749 _LAND1 2048 480 
750 _LAND1 2048 512 
751 _LAND1 2048 544 
752 _LAND1 2048 576 
753 _LAND1 2048 608 
754 _LAND1 2048 640 
755 _LAND1 2048 672 
756 _LAND1 2016 704 
757 _LAND1 2080 704 
758 _LAND1 1824 736 
759 _LAND1 1888 736 
760 _LAND1 1952 736 
761 _LAND1 2016 736 
762 _LAND1 2080 736 
763 _LAND1 1824 768 
764 _LAND1 1888 768 
765 _LAND1 1952 768 
766 _LAND1 2016 768 
767 _LAND1 2080 768 
768 _LAND1 1888 800 
769 _LAND1 1952 800 
770 _LAND1 2016 800 
771 _LAND1 2080 800 
772 _LAND1 1888 832 
773 _LAND1 1952 832 
774 _LAND1 2016 832 
775 _LAND1 2080 832 
776 _LAND1 2048 864 
777 _LAND1 2048 896 
778 _LAND1 2048 928 
779 _LAND1 2048 960 
780 _LAND1 2048 992 
781 _LAND1 2048 1024 
782 _LAND1 2048 1056 
783 _LAND1 2048 1088 
784 _LAND1 2048 1120 
785 _LAND1 2048 1152 
786 _LAND1 2048 1184 
787 _LAND1 2048 1216 
788 _LAND1 2048 1248 
789 _LAND1 2048 1280 
790 _LAND1 2048 1312 
791 _LAND1 2048 1344 
792 _LAND1 2048 1376 
793 _LAND1 2048 1408 
794 _LAND1 2048 1440 
795 _LAND1 2048 1472 
796 _LAND1 2048 1504 
797 _LAND1 2048 1536 
798 _LAND1 2048 1568 
799 _LAND1 2048 1600 
800 _LAND1 2016 1632 
801 _LAND1 2016 1664 
802 LAND2 1952 1696 
803 LAND5 1952 1728 
804 LAND2 1952 1760 
805 LAND5 1952 1792 
806 _LAND1 1984 1696 
807 _LAND1 2048 1696 
808 _LAND1 1984 1728 
809 _LAND1 2048 1728 
810 _LAND1 1984 1760 
811 _LAND1 2048 1760 
812 _LAND1 1984 1792 
813 _LAND1 2048 1792 
814 _LAND1 1984 1824 
815 _LAND1 2048 1824 
816 _LAND1 1920 1824 
817 _LAND1 1888 1856 
818 _LAND1 1952 1856 
819 _LAND1 2016 1856 
820 _LAND1 1920 1888 
821 _LAND1 1984 1888 
822 _LAND1 2048 1888 
823 _LAND1 1856 1920 
824 _LAND1 1920 1920 
825 _LAND1 1984 1920 
826 _LAND1 2048 1920 
827 _LAND1 1792 1920 
828 _LAND1 1856 1920 
829 _LAND1 1760 1952 
830 _LAND1 1824 1952 
831 _LAND1 1888 1952 
832 _LAND1 1952 1952 
833 _LAND1 2016 1952 
834 _LAND1 2080 1952 
835 _LAND1 2144 1952 
836 _LAND1 2208 1952 
837 _LAND1 2272 1952 
838 _LAND1 1952 1984 
839 _LAND1 2016 1984 
840 _LAND1 2080 1984 
841 _LAND1 2144 1984 
842 _LAND1 2208 1984 
843 _LAND1 2272 1984 
844 _LAND1 2176 2016 
845 _LAND1 2240 2016 
846 _LAND1 2304 2016 
847 _LAND1 2176 2048 
848 _LAND1 2240 2048 
849 _LAND1 2304 2048 
850 _LAND1 2240 2080 
851 _LAND1 2304 2080 
852 _LAND1 2240 2112 
853 _LAND1 2304 2112 
854 _LAND1 2432 2080 
855 _LAND1 2432 2016 
856 _LAND1 2496 2016 
857 _LAND1 2432 2080 
858 LAND1 2496 2048 
859 LAND1 2528 2048 
860 _LAND1 2432 2048 
861 _LAND1 2464 1952 
862 _LAND1 2528 1952 
863 _LAND1 2592 1952 
864 _LAND1 2656 1952 
865 _LAND1 2720 1952 
866 _LAND1 2784 1952 
867 _LAND1 2848 1952 
868 _LAND1 2464 1984 
869 _LAND1 2528 1984 
870 _LAND1 2592 1984 
871 _LAND1 2656 1984 
872 _LAND1 2720 1984 
873 _LAND1 2784 1984 
874 _LAND1 2848 1984 
875 _LAND1 2880 2016 
876 _LAND1 2944 2016 
877 _LAND1 3008 2016 
878 _LAND1 3072 2016 
879 _LAND1 3136 2016 
880 _LAND1 2880 2048 
881 _LAND1 2944 2048 
882 _LAND1 3008 2048 
883 _LAND1 3072 2048 
884 _LAND1 3136 2048 
885 LAND2 2912 2112 
886 LAND5 2912 2144 
887 LAND2 2912 2176 
888 LAND5 2912 2208 
889 _LAND1 2912 2080 
890 _LAND1 2976 2080 
891 _LAND1 3040 2080 
892 _LAND1 3104 2080 
893 LAND5 2944 2400 
894 LAND2 2944 2432 
895 LAND5 2944 2464 
896 LAND2 2944 2496 
897 LAND5 2944 2528 
898 LAND2 2944 2560 
899 LAND5 2944 2592 
900 LAND2 2944 2624 
901 LAND5 2944 2656 
902 LAND2 2944 2688 
903 LAND5 2944 2720 
904 LAND2 2944 2752 
905 LAND2 2944 2944 
906 LAND5 2944 2976 
907 LAND2 2944 3008 
908 LAND5 2944 3040 
909 LAND2 2944 3072 
910 LAND5 2944 3104 
911 LAND2 2944 3136 
912 LAND5 2944 3168 
913 LAND2 2944 3200 
914 LAND5 2944 3232 
915 LAND2 2944 3264 
916 LAND5 2944 3296 
917 LAND2 2944 3328 
918 LAND5 2944 3360 
919 LAND2 2944 3392 
920 _LAND1 2944 2112 
921 _LAND1 3008 2112 
922 _LAND1 3072 2112 
923 _LAND1 3136 2112 
924 _LAND1 2944 2144 
925 _LAND1 3008 2144 
926 _LAND1 3072 2144 
927 _LAND1 3136 2144 
928 _LAND1 2944 2176 
929 _LAND1 3008 2176 
930 _LAND1 3072 2176 
931 _LAND1 3136 2176 
932 _LAND1 2944 2208 
933 _LAND1 3008 2208 
934 _LAND1 3072 2208 
935 _LAND1 3136 2208 
936 _LAND1 2944 2240 
937 _LAND1 3008 2240 
938 _LAND1 3072 2240 
939 _LAND1 3136 2240 
940 _LAND1 2944 2272 
941 _LAND1 3008 2272 
942 _LAND1 3072 2272 
943 _LAND1 3136 2272 
944 _LAND1 2976 2336 
945 _LAND1 3040 2336 
946 _LAND1 3104 2336 
947 _LAND1 3168 2336 
948 _LAND1 2976 2368 
949 _LAND1 3040 2368 
950 _LAND1 3104 2368 
951 _LAND1 3168 2368 
952 _LAND1 2976 2400 
953 _LAND1 3040 2400 
954 _LAND1 3104 2400 
955 _LAND1 3168 2400 
956 _LAND1 2976 2432 
957 _LAND1 3040 2432 
958 _LAND1 3104 2432 
959 _LAND1 3168 2432 
960 _LAND1 2976 2464 
961 _LAND1 3040 2464 
962 _LAND1 3104 2464 
963 _LAND1 3168 2464 
964 _LAND1 2976 2496 
965 _LAND1 3040 2496 
966 _LAND1 3104 2496 
967 _LAND1 3168 2496 
968 _LAND1 2976 2560 
969 _LAND1 3040 2560 
970 _LAND1 3104 2560 
971 _LAND1 3168 2560 
972 _LAND1 2976 2592 
973 _LAND1 3040 2592 
974 _LAND1 3104 2592 
975 _LAND1 3168 2592 
976 _LAND1 2976 2624 
977 _LAND1 3040 2624 
978 _LAND1 3104 2624 
979 _LAND1 3168 2624 
980 _LAND1 2976 2656 
981 _LAND1 3040 2656 
982 _LAND1 3104 2656 
983 _LAND1 3168 2656 
984 _LAND1 2976 2688 
985 _LAND1 3040 2688 
986 _LAND1 3104 2688 
987 _LAND1 3168 2688 
988 _LAND1 2976 2720 
989 _LAND1 3040 2720 
990 _LAND1 3104 2720 
991 _LAND1 3168 2720 
992 _LAND1 2976 2752 
993 _LAND1 3040 2752 
994 _LAND1 3104 2752 
995 _LAND1 3168 2752 
996 _LAND1 2976 2784 
997 _LAND1 3040 2784 
998 _LAND1 3104 2784 
999 _LAND1 3168 2784 
1000 _LAND1 2976 2816 
1001 _LAND1 3040 2816 
1002 _LAND1 3104 2816 
1003 _LAND1 3168 2816 
1004 _LAND1 2976 2848 
1005 _LAND1 3040 2848 
1006 _LAND1 3104 2848 
1007 _LAND1 3168 2848 
1008 _LAND1 2976 2880 
1009 _LAND1 3040 2880 
1010 _LAND1 3104 2880 
1011 _LAND1 3168 2880 
1012 _LAND1 2976 2912 
1013 _LAND1 3040 2912 
1014 _LAND1 3104 2912 
1015 _LAND1 3168 2912 
1016 _LAND1 2976 2944 
1017 _LAND1 3040 2944 
1018 _LAND1 3104 2944 
1019 _LAND1 3168 2944 
1020 _LAND1 2976 2976 
1021 _LAND1 3040 2976 
1022 _LAND1 3104 2976 
1023 _LAND1 3168 2976 
1024 _LAND1 2976 3008 
1025 _LAND1 3040 3008 
1026 _LAND1 3104 3008 
1027 _LAND1 3168 3008 
1028 _LAND1 2976 3040 
1029 _LAND1 3040 3040 
1030 _LAND1 3104 3040 
1031 _LAND1 3168 3040 
1032 _LAND1 2976 3072 
1033 _LAND1 3040 3072 
1034 _LAND1 3104 3072 
1035 _LAND1 3168 3072 
1036 _LAND1 2976 3104 
1037 _LAND1 3040 3104 
1038 _LAND1 3104 3104 
1039 _LAND1 3168 3104 
1040 _LAND1 2976 3136 
1041 _LAND1 3040 3136 
1042 _LAND1 3104 3136 
1043 _LAND1 3168 3136 
1044 _LAND1 2976 3168 
1045 _LAND1 3040 3168 
1046 _LAND1 3104 3168 
1047 _LAND1 3168 3168 
1048 _LAND1 2976 3200 
1049 _LAND1 3040 3200 
1050 _LAND1 3104 3200 
1051 _LAND1 3168 3200 
1052 _LAND1 2976 3232 
1053 _LAND1 3040 3232 
1054 _LAND1 3104 3232 
1055 _LAND1 3168 3232 
1056 _LAND1 2976 3264 
1057 _LAND1 3040 3264 
1058 _LAND1 3104 3264 
1059 _LAND1 3168 3264 
1060 _LAND1 2976 3296 
1061 _LAND1 3040 3296 
1062 _LAND1 3104 3296 
1063 _LAND1 3168 3296 
1064 _LAND1 2976 3328 
1065 _LAND1 3040 3328 
1066 _LAND1 3104 3328 
1067 _LAND1 3168 3328 
1068 _LAND1 2976 3360 
1069 _LAND1 3040 3360 
1070 _LAND1 3104 3360 
1071 _LAND1 3168 3360 
1072 _LAND1 2976 3392 
1073 _LAND1 3040 3392 
1074 _LAND1 3104 3392 
1075 _LAND1 3168 3392 
1076 _LAND1 2976 2304 
1077 _LAND1 3040 2304 
1078 _LAND1 3104 2304 
1079 _LAND1 3168 2304 
1080 LAND4 2560 2464 
1081 LAND4 2624 2464 
1082 LAND4 2688 2464 
1083 LAND4 2752 2464 
1084 LAND4 2816 2464 
1085 LAND5 2528 2528 
1086 LAND2 2528 2560 
1087 LAND5 2528 2592 
1088 LAND2 2528 2624 
1089 LAND5 2528 2656 
1090 LAND2 2528 2688 
1091 LAND5 2528 2720 
1092 LAND2 2528 2752 
1093 LAND5 2528 2784 
1094 LAND2 2528 2816 
1095 LAND5 2528 2848 
1096 LAND2 2528 2880 
1097 LAND5 2528 2912 
1098 LAND2 2528 2944 
1099 LAND5 2528 2976 
1100 LAND2 2528 3008 
1101 LAND5 2528 3040 
1102 LAND2 2528 3072 
1103 LAND5 2528 3104 
1104 LAND2 2528 3136 
1105 LAND5 2528 3168 
1106 LAND2 2528 3200 
1107 LAND5 2528 3232 
1108 LAND2 2528 3264 
1109 LAND5 2528 3296 
1110 LAND2 2528 3328 
1111 LAND5 2528 3360 
1112 LAND2 2528 3392 
1113 LAND5 2528 3424 
1114 LAND2 2528 3456 
1115 LAND5 2528 3488 
1116 LAND2 2528 3520 
1117 LAND5 2528 3552 
1118 LAND2 2528 3584 
1119 LAND5 2528 3616 
1120 LAND2 2528 3648 
1121 LAND5 2528 3680 
1122 LAND2 2528 3712 
1123 LAND5 2528 3744 
1124 LAND2 2528 3776 
1125 LAND5 2528 3808 
1126 LAND2 2528 3840 
1127 LAND5 2528 3872 
1128 LAND2 2528 3904 
1129 LAND5 2528 3936 
1130 LAND2 2528 3968 
1131 LAND5 2528 4000 
1132 LAND2 2528 4032 
1133 _LAND1 2976 2528 
1134 _LAND1 3040 2528 
1135 _LAND1 3104 2528 
1136 _LAND1 3168 2528 
1137 LAND5 2496 2528 
1138 LAND5 2496 2560 
1139 LAND5 2496 2592 
1140 LAND5 2496 2624 
1141 LAND5 2496 2656 
1142 LAND5 2496 2688 
1143 LAND5 2496 2720 
1144 LAND5 2496 2752 
1145 LAND5 2496 2784 
1146 LAND5 2496 2816 
1147 LAND5 2496 2848 
1148 LAND5 2496 2880 
1149 LAND5 2496 2912 
1150 LAND5 2496 2944 
1151 LAND5 2496 2976 
1152 LAND5 2496 3008 
1153 LAND5 2496 3040 
1154 LAND5 2496 3072 
1155 LAND5 2496 3104 
1156 LAND5 2496 3136 
1157 LAND5 2496 3168 
1158 LAND5 2496 3200 
1159 LAND5 2496 3232 
1160 LAND5 2496 3264 
1161 LAND5 2496 3296 
1162 LAND5 2496 3328 
1163 LAND5 2496 3360 
1164 LAND5 2496 3392 
1165 LAND5 2496 3424 
1166 LAND5 2496 3456 
1167 LAND5 2496 3488 
1168 LAND5 2496 3520 
1169 LAND5 2496 3552 
1170 LAND5 2496 3584 
1171 LAND5 2496 3616 
1172 LAND5 2496 3648 
1173 LAND5 2496 3680 
1174 LAND5 2496 3712 
1175 LAND5 2496 3744 
1176 LAND5 2496 3776 
1177 LAND5 2496 3808 
1178 LAND5 2496 3840 
1179 LAND5 2496 3872 
1180 LAND5 2496 3904 
1181 LAND5 2496 3936 
1182 LAND5 2496 3968 
1183 LAND5 2496 4000 
1184 LAND5 2496 4032 
1185 _LAND1 2496 2496 
1186 LAND4 2816 2240 
1187 LAND4 2816 2240 
1188 _LAND1 2880 2240 
1189 LAND2 2656 2112 
1190 LAND2 2656 2144 
1191 LAND2 2656 2176 
1192 LAND2 2656 2208 
1193 LAND2 2656 2240 
1194 LAND2 2656 2272 
1195 LAND4 2496 2400 
1196 LAND4 2560 2400 
1197 LAND4 2624 2400 
1198 LAND4 2688 2400 
1199 LAND4 2752 2400 
1200 LAND4 2816 2400 
1201 _LAND1 2496 2432 
1202 _LAND1 2560 2432 
1203 _LAND1 2624 2432 
1204 _LAND1 2688 2432 
1205 _LAND1 2752 2432 
1206 _LAND1 2816 2432 
1207 _LAND1 2496 2464 
1208 _LAND1 2560 2464 
1209 _LAND1 2624 2464 
1210 _LAND1 2688 2464 
1211 _LAND1 2752 2464 
1212 _LAND1 2816 2464 
1213 LADDER5 2625 2655 
1214 LAND3 2687 2561 
1215 LADDER10 2561 3424 
1216 LAND4 2816 3040 
1217 LAND4 2880 3040 
1218 _LAND1 2816 3072 
1219 _LAND1 2880 3072 
1220 _LAND1 2880 3104 
1221 _LAND1 2880 3136 
1222 LAND5 290592 3392 
1223 LAND5 2592 3392 
1224 _LAND1 2624 3392 
1225 _LAND1 2688 3392 
1226 _LAND1 2752 3392 
1227 _LAND1 2816 3392 
1228 _LAND1 2880 3392 
1229 _LAND1 2624 3424 
1230 _LAND1 2688 3424 
1231 _LAND1 2752 3424 
1232 _LAND1 2816 3424 
1233 _LAND1 2880 3424 
1234 LAND4 2624 3456 
1235 _LAND1 2688 3456 
1236 _LAND1 2752 3456 
1237 _LAND1 2816 3456 
1238 _LAND1 2880 3456 
1239 _LAND1 2944 3456 
1240 _LAND1 3008 3456 
1241 _LAND1 3072 3456 
1242 _LAND1 3136 3456 
1243 _LAND1 2624 3488 
1244 _LAND1 2688 3488 
1245 _LAND1 2752 3488 
1246 _LAND1 2816 3488 
1247 _LAND1 2880 3488 
1248 _LAND1 2944 3488 
1249 _LAND1 3008 3488 
1250 _LAND1 3072 3488 
1251 _LAND1 3136 3488 
1252 _LAND1 2944 3424 
1253 _LAND1 3008 3424 
1254 _LAND1 3072 3424 
1255 _LAND1 3136 3424 
1256 LAND4 2881 3585 
1257 _LAND1 2880 3520 
1258 _LAND1 2944 3520 
1259 _LAND1 3008 3520 
1260 _LAND1 3072 3520 
1261 _LAND1 3136 3520 
1262 _LAND1 2944 3552 
1263 _LAND1 3008 3552 
1264 _LAND1 3072 3552 
1265 _LAND1 3136 3552 
1266 _LAND1 2880 3552 
1267 _LAND1 2880 3616 
1268 _LAND1 2944 3616 
1269 _LAND1 3008 3616 
1270 _LAND1 3072 3616 
1271 _LAND1 3136 3616 
1272 _LAND1 2944 3680 
1273 _LAND1 3008 3680 
1274 _LAND1 3072 3680 
1275 _LAND1 3136 3680 
1276 _LAND1 2944 3744 
1277 _LAND1 3008 3744 
1278 _LAND1 3072 3744 
1279 _LAND1 3136 3744 
1280 _LAND1 2944 3808 
1281 _LAND1 3008 3808 
1282 _LAND1 3072 3808 
1283 _LAND1 3136 3808 
1284 _LAND1 2944 3872 
1285 _LAND1 3008 3872 
1286 _LAND1 3072 3872 
1287 _LAND1 3136 3872 
1288 LAND4 2943 3712 
1289 LAND4 2944 3775 
1290 LAND4 2944 3841 
1291 _LAND1 2944 3904 
1292 _LAND1 3008 3904 
1293 _LAND1 3072 3904 
1294 _LAND1 3136 3904 
1295 _LAND1 3008 3936 
1296 _LAND1 3072 3936 
1297 _LAND1 3136 3936 
1298 _LAND1 3200 3936 
1299 _LAND1 3264 3936 
1300 _LAND1 3328 3936 
1301 _LAND1 3392 3936 
1302 _LAND1 3456 3936 
1303 _LAND1 3520 3936 
1304 _LAND1 3008 3968 
1305 _LAND1 3072 3968 
1306 _LAND1 3136 3968 
1307 _LAND1 3200 3968 
1308 _LAND1 3264 3968 
1309 _LAND1 3328 3968 
1310 _LAND1 3392 3968 
1311 LAND1 2976 3936 
1312 _LAND1 3072 4000 
1313 _LAND1 3136 4000 
1314 _LAND1 3200 4000 
1315 _LAND1 3264 4000 
1316 _LAND1 3328 4000 
1317 _LAND1 3392 4000 
1318 _LAND1 3456 4000 
1319 _LAND1 3072 4032 
1320 _LAND1 3136 4032 
1321 _LAND1 3200 4032 
1322 _LAND1 3264 4032 
1323 _LAND1 3328 4032 
1324 _LAND1 3392 4032 
1325 _LAND1 3456 4032 
1326 _LAND1 3200 4096 
1327 _LAND1 3264 4096 
1328 _LAND1 3328 4096 
1329 _LAND1 3392 4096 
1330 _LAND1 3456 4096 
1331 _LAND1 3200 4064 
1332 _LAND1 3264 4064 
1333 _LAND1 3328 4064 
1334 _LAND1 3392 4064 
1335 _LAND1 3456 4064 
1336 LAND4 3584 4032 
1337 LAND4 3648 4032 
1338 LAND4 3712 4032 
1339 LAND4 3776 4032 
1340 _LAND1 3456 3967 
1341 _LAND1 3520 4031 
1342 LAND4 3518 3969 
1343 _LAND1 3521 3999 
1344 _LAND1 3552 2112 
1345 _LAND1 3552 2144 
1346 _LAND1 3552 2176 
1347 _LAND1 3552 2208 
1348 _LAND1 3552 2272 
1349 _LAND1 3552 2336 
1350 _LAND1 3552 2400 
1351 _LAND1 3552 2464 
1352 _LAND1 3552 2528 
1353 _LAND1 3552 2592 
1354 _LAND1 3552 2656 
1355 _LAND1 3552 2720 
1356 _LAND1 3552 2784 
1357 _LAND1 3552 2848 
1358 _LAND1 3552 2912 
1359 _LAND1 3552 2976 
1360 _LAND1 3552 3040 
1361 _LAND1 3552 3104 
1362 _LAND1 3552 3168 
1363 _LAND1 3552 3232 
1364 _LAND1 3552 3296 
1365 _LAND1 3552 3360 
1366 _LAND1 3552 3424 
1367 _LAND1 3552 3488 
1368 _LAND1 3552 3552 
1369 _LAND1 3552 3616 
1370 _LAND1 3552 3648 
1371 _LAND1 3552 3680 
1372 _LAND1 3552 3712 
1373 _LAND1 3552 3744 
1374 _LAND1 3552 3776 
1375 _LAND1 3552 3808 
1376 _LAND1 3552 3840 
1377 _LAND1 3552 3872 
1378 _LAND1 3552 3904 
1379 LAND4 3744 3872 
1380 LAND4 3808 3872 
1381 LAND2 3873 3872 
1382 LAND5 3872 3904 
1383 _LAND1 3616 3904 
1384 _LAND1 3680 3904 
1385 _LAND1 3744 3904 
1386 _LAND1 3808 3904 
1387 LAND4 3680 3840 
1388 _LAND1 3616 3840 
1389 _LAND1 3616 3872 
1390 _LAND1 3680 3872 
1391 LAND5 3679 3777 
1392 LAND2 3679 3808 
1393 _LAND1 3616 3808 
1394 _LAND1 3617 3776 
1395 LAND5 3712 3712 
1396 LAND4 3776 3712 
1397 LAND4 3840 3712 
1398 LAND4 3904 3712 
1399 LAND5 3968 3712 
1400 LAND5 3681 3711 
1401 LAND5 3680 3742 
1402 LAND4 3616 3680 
1403 LAND4 3616 3648 
1404 _LAND1 3616 3744 
1405 _LAND1 3616 3712 
1406 LAND4 3551 3583 
1407 LAND4 3552 3519 
1408 LAND4 3551 3456 
1409 LAND4 3552 3391 
1410 LAND4 3552 3329 
1411 LAND4 3551 3263 
1412 LAND4 3551 3200 
1413 LAND4 3551 3138 
1414 LAND4 3552 3070 
1415 LAND4 3551 3008 
1416 LAND4 3552 2943 
1417 LAND4 3552 2881 
1418 LAND4 3552 2814 
1419 LAND4 3551 2752 
1420 LAND4 3552 2686 
1421 LAND4 3551 2624 
1422 LAND4 3552 2561 
1423 LAND4 3551 2496 
1424 LAND4 3552 2433 
1425 LAND4 3552 2368 
1426 LAND4 3551 2304 
1427 LAND4 3550 2241 
1428 LAND3 252 351 
1429 LADDER6 1951 544 
1430 LAND1 1985 543 
1431 LAND5 1985 511 
1432 LADDER5 1952 1024 
1433 LAND1 1986 1025 
1434 LAND5 1985 992 
1435 LAND5 1920 992 
1436 LADDER5 1954 1503 
1437 LAND5 1920 1473 
1438 LAND5 1986 1469 
1439 LAND1 1986 1504 
1440 LADDER7 2880 2495 
1441 LAND1 2913 2495 
1442 LAND5 2912 2464 
1443 LAND5 2913 2400 
1444 LAND2 2913 2432 
1445 LADDER6 2882 2943 
1446 MOVEMAP 2877 2842 
1447 LAND1 2914 2942 
1448 LAND4 1953 1665 
1449 LAND2 2017 1599 
1450 LAND4 1985 383 
1451 LAND4 1986 479 
1452 LAND4 1986 416 
1453 _LAND1 1987 448 
1454 LAND2 1986 962 
1455 LAND2 1985 897 
1456 LAND5 1986 929 
1457 LAND4 2913 2306 
1458 LAND4 2914 2369 
1459 _LAND1 2914 2338 
1460 _LAND1 2915 2911 
1461 _LAND1 2916 2848 
1462 _LAND1 2916 2786 
1463 LAND4 2915 2880 
1464 LAND4 2916 2817 
1465 _LAND1 1984 32 
1466 BLOCKCAMERA 2007 75 
1467 UNLOCKCAMERA 136 384 
1468 UNLOCKCAMERA 1697 2047 
1469 BLOCKCAMERA 2942 2079 
1470 UNLOCKCAMERA 2724 4038 
1471 BLOCKCAMERA 3581 4108 
1472 UNLOCKCAMERA 3855 2280 
1473 LAND5 2335 1984 
1474 LAND5 2334 1952 
1475 LAND5 2434 1985 
1476 LAND5 2431 1952 
1477 LAND5 3167 2079 
1478 LAND5 3200 2273 
1479 LAND5 3200 2241 
1480 LAND5 3200 2209 
1481 LAND5 3200 2176 
1482 LAND5 3200 2144 
1483 LAND5 3200 2112 
1484 LAND5 3200 2080 
1485 LAND5 3201 2046 
1486 LAND5 3202 2013 
1487 _LAND1 2912 1952 
1488 _LAND1 2976 1952 
1489 _LAND1 3040 1952 
1490 _LAND1 3104 1952 
1491 _LAND1 3168 1952 
1492 _LAND1 2912 1984 
1493 _LAND1 2976 1984 
1494 _LAND1 3040 1984 
1495 _LAND1 3104 1984 
1496 _LAND1 3168 1984 
1497 _LAND1 3007 3712 
1498 _LAND1 3072 3711 
1499 _LAND1 3138 3712 
1500 _LAND1 3008 3840 
1501 _LAND1 3072 3840 
1502 _LAND1 3137 3840 
1503 _LAND1 3008 3776 
1504 _LAND1 3072 3776 
1505 _LAND1 3136 3774 
1506 _LAND1 2944 3585 
1507 _LAND1 3008 3583 
1508 _LAND1 3073 3584 
1509 _LAND1 3137 3582 
1510 _LAND1 2945 3648 
1511 _LAND1 3010 3647 
1512 _LAND1 3074 3648 
1513 _LAND1 3138 3647 
1514 LAND5 2080 1666 
1515 LAND5 2080 1633 
1516 LAND5 2080 1857 
1517 LAND5 1986 1409 
1518 LAND2 1987 1438 
1519 LAND2 1988 1375 
1520 BEAK 1634 289 
1521 BEAK_R 1665 607 
<End>