4096 1024
1 LAND3 0 64 
2 LAND3 64 64 
3 LAND3 128 64 
4 LAND3 192 64 
5 LAND3 256 64 
6 LAND3 320 64 
7 LAND3 384 64 
8 LAND3 448 64 
9 LAND3 512 64 
10 LAND3 576 64 
11 LAND3 640 64 
12 LAND3 704 64 
13 LAND3 768 64 
14 LAND3 832 64 
15 LAND3 896 64 
16 LAND3 960 64 
17 LAND3 1024 64 
18 LAND3 1088 64 
19 LAND3 1152 64 
20 LAND3 1216 64 
21 LAND3 1280 64 
22 LAND3 1344 64 
23 LAND3 1408 64 
24 LAND3 1472 64 
25 LAND3 1536 64 
26 LAND3 1600 64 
27 LAND3 1664 64 
28 LAND3 1728 64 
29 LAND3 1792 64 
30 LAND3 1856 64 
31 LAND3 1920 64 
32 LAND3 1984 64 
33 LAND3 2048 64 
34 LAND3 2112 64 
35 LAND3 2176 64 
36 LAND3 2240 64 
37 LAND3 2304 64 
38 LAND3 2368 64 
39 LAND3 2432 64 
40 LAND3 2496 64 
41 LAND3 2560 64 
42 LAND3 2624 64 
43 LAND3 2688 64 
44 LAND3 2752 64 
45 LAND3 2816 64 
46 LAND3 2880 64 
47 LAND3 2944 64 
48 LAND3 3008 64 
49 LAND3 3072 64 
50 LAND3 3136 64 
51 LAND3 3200 64 
52 LAND3 3264 64 
53 LAND3 3328 64 
54 LAND3 3392 64 
55 LAND3 3456 64 
56 LAND3 3520 64 
57 LAND3 3584 64 
58 LAND3 3648 64 
59 LAND3 3712 64 
60 LAND3 3776 64 
61 LAND3 3840 64 
62 LAND3 3904 64 
63 LAND3 3968 64 
64 LAND3 4032 64 
<End>