0 0 8192 8192 0 
1 0 8192 4096 4096 
5 0 8192 2048 6144 
6 2048 8192 4096 6144 
7 0 6144 2048 4096 
8 2048 6144 4096 4096 
33 2048 6144 3072 5120 
34 3072 6144 4096 5120 
35 2048 5120 3072 4096 
141 2048 5120 2560 4608 
142 2560 5120 3072 4608 
143 2048 4608 2560 4096 
144 2560 4608 3072 4096 646 646 646 646 646 646 646 
36 3072 5120 4096 4096 
145 3072 5120 3584 4608 
146 3584 5120 4096 4608 
147 3072 4608 3584 4096 323 324 325 326 327 328 329 330 331 332 323 324 325 326 327 328 329 330 331 332 323 324 325 326 327 328 329 330 331 332 323 324 325 326 327 328 329 330 331 332 1471 323 324 325 326 327 328 329 330 331 332 1471 323 324 325 326 327 328 329 330 331 332 1471 323 324 325 326 327 328 329 330 331 332 1471 
148 3584 4608 4096 4096 
2 4096 8192 8192 4096 
3 0 4096 4096 0 
13 0 4096 2048 2048 
14 2048 4096 4096 2048 
57 2048 4096 3072 3072 
229 2048 4096 2560 3584 1119 1120 1121 1122 1123 1124 1125 1126 1127 1128 1129 1130 1131 1132 1171 1172 1173 1174 1175 1176 1177 1178 1179 1180 1181 1182 1183 1184 1119 1120 1121 1122 1123 1124 1125 1126 1127 1128 1129 1130 1131 1132 1171 1172 1173 1174 1175 1176 1177 1178 1179 1180 1181 1182 1183 1184 1119 1120 1121 1122 1123 1124 1125 1126 1127 1128 1129 1130 1131 1132 1171 1172 1173 1174 1175 1176 1177 1178 1179 1180 1181 1182 1183 1184 1119 1120 1121 1122 1123 1124 1125 1126 1127 1128 1129 1130 1131 1132 1171 1172 1173 1174 1175 1176 1177 1178 1179 1180 1181 1182 1183 1184 1119 1120 1121 1122 1123 1124 1125 1126 1127 1128 1129 1130 1131 1132 1171 1172 1173 1174 1175 1176 1177 1178 1179 1180 1181 1182 1183 1184 1119 1120 1121 1122 1123 1124 1125 1126 1127 1128 1129 1130 1131 1132 1171 1172 1173 1174 1175 1176 1177 1178 1179 1180 1181 1182 1183 1184 1119 1120 1121 1122 1123 1124 1125 1126 1127 1128 1129 1130 1131 1132 1171 1172 1173 1174 1175 1176 1177 1178 1179 1180 1181 1182 1183 1184 
230 2560 4096 3072 3584 301 302 303 304 305 306 307 308 309 310 311 312 313 314 315 316 317 318 393 419 425 433 1256 1267 1268 1269 1272 1273 1276 1277 1280 1281 1284 1285 1288 1289 1290 1291 1292 1295 1304 1311 301 302 303 304 305 306 307 308 309 310 311 312 313 314 315 316 317 318 393 419 425 433 1256 1267 1268 1269 1272 1273 1276 1277 1280 1281 1284 1285 1288 1289 1290 1291 1292 1295 1304 1311 301 302 303 304 305 306 307 308 309 310 311 312 313 314 315 316 317 318 393 419 425 433 1256 1267 1268 1269 1272 1273 1276 1277 1280 1281 1284 1285 1288 1289 1290 1291 1292 1295 1304 1311 301 302 303 304 305 306 307 308 309 310 311 312 313 314 315 316 317 318 393 419 425 433 1256 1267 1268 1269 1272 1273 1276 1277 1280 1281 1284 1285 1288 1289 1290 1291 1292 1295 1304 1311 1470 301 302 303 304 305 306 307 308 309 310 311 312 313 314 315 316 317 318 393 419 425 433 1256 1267 1268 1269 1272 1273 1276 1277 1280 1281 1284 1285 1288 1289 1290 1291 1292 1295 1304 1311 1470 1497 1500 1503 1506 1510 1511 301 302 303 304 305 306 307 308 309 310 311 312 313 314 315 316 317 318 393 419 425 433 1256 1267 1268 1269 1272 1273 1276 1277 1280 1281 1284 1285 1288 1289 1290 1291 1292 1295 1304 1311 1470 1497 1500 1503 1506 1510 1511 301 302 303 304 305 306 307 308 309 310 311 312 313 314 315 316 317 318 393 419 425 433 1256 1267 1268 1269 1272 1273 1276 1277 1280 1281 1284 1285 1288 1289 1290 1291 1292 1295 1304 1311 1470 1497 1500 1503 1506 1510 1511 
231 2048 3584 2560 3072 1103 1104 1105 1106 1107 1108 1109 1110 1111 1112 1113 1114 1115 1116 1117 1118 1155 1156 1157 1158 1159 1160 1161 1162 1163 1164 1165 1166 1167 1168 1169 1170 1103 1104 1105 1106 1107 1108 1109 1110 1111 1112 1113 1114 1115 1116 1117 1118 1155 1156 1157 1158 1159 1160 1161 1162 1163 1164 1165 1166 1167 1168 1169 1170 1103 1104 1105 1106 1107 1108 1109 1110 1111 1112 1113 1114 1115 1116 1117 1118 1155 1156 1157 1158 1159 1160 1161 1162 1163 1164 1165 1166 1167 1168 1169 1170 1103 1104 1105 1106 1107 1108 1109 1110 1111 1112 1113 1114 1115 1116 1117 1118 1155 1156 1157 1158 1159 1160 1161 1162 1163 1164 1165 1166 1167 1168 1169 1170 1103 1104 1105 1106 1107 1108 1109 1110 1111 1112 1113 1114 1115 1116 1117 1118 1155 1156 1157 1158 1159 1160 1161 1162 1163 1164 1165 1166 1167 1168 1169 1170 1103 1104 1105 1106 1107 1108 1109 1110 1111 1112 1113 1114 1115 1116 1117 1118 1155 1156 1157 1158 1159 1160 1161 1162 1163 1164 1165 1166 1167 1168 1169 1170 1103 1104 1105 1106 1107 1108 1109 1110 1111 1112 1113 1114 1115 1116 1117 1118 1155 1156 1157 1158 1159 1160 1161 1162 1163 1164 1165 1166 1167 1168 1169 1170 
232 2560 3584 3072 3072 286 287 288 289 290 291 292 293 294 295 296 297 298 299 300 432 645 910 911 912 913 914 915 916 917 918 919 1036 1037 1040 1041 1044 1045 1048 1049 1052 1053 1056 1057 1060 1061 1064 1065 1068 1069 1072 1073 1215 1220 1221 1223 1224 1225 1226 1227 1228 1229 1230 1231 1232 1233 1234 1235 1236 1237 1238 1239 1240 1243 1244 1245 1246 1247 1248 1249 1252 1253 1257 1258 1259 1262 1263 1266 286 287 288 289 290 291 292 293 294 295 296 297 298 299 300 432 645 910 911 912 913 914 915 916 917 918 919 1036 1037 1040 1041 1044 1045 1048 1049 1052 1053 1056 1057 1060 1061 1064 1065 1068 1069 1072 1073 1215 1220 1221 1223 1224 1225 1226 1227 1228 1229 1230 1231 1232 1233 1234 1235 1236 1237 1238 1239 1240 1243 1244 1245 1246 1247 1248 1249 1252 1253 1257 1258 1259 1262 1263 1266 286 287 288 289 290 291 292 293 294 295 296 297 298 299 300 432 645 910 911 912 913 914 915 916 917 918 919 1036 1037 1040 1041 1044 1045 1048 1049 1052 1053 1056 1057 1060 1061 1064 1065 1068 1069 1072 1073 1215 1220 1221 1223 1224 1225 1226 1227 1228 1229 1230 1231 1232 1233 1234 1235 1236 1237 1238 1239 1240 1243 1244 1245 1246 1247 1248 1249 1252 1253 1257 1258 1259 1262 1263 1266 286 287 288 289 290 291 292 293 294 295 296 297 298 299 300 432 645 910 911 912 913 914 915 916 917 918 919 1036 1037 1040 1041 1044 1045 1048 1049 1052 1053 1056 1057 1060 1061 1064 1065 1068 1069 1072 1073 1215 1220 1221 1223 1224 1225 1226 1227 1228 1229 1230 1231 1232 1233 1234 1235 1236 1237 1238 1239 1240 1243 1244 1245 1246 1247 1248 1249 1252 1253 1257 1258 1259 1262 1263 1266 286 287 288 289 290 291 292 293 294 295 296 297 298 299 300 432 645 910 911 912 913 914 915 916 917 918 919 1036 1037 1040 1041 1044 1045 1048 1049 1052 1053 1056 1057 1060 1061 1064 1065 1068 1069 1072 1073 1215 1220 1221 1223 1224 1225 1226 1227 1228 1229 1230 1231 1232 1233 1234 1235 1236 1237 1238 1239 1240 1243 1244 1245 1246 1247 1248 1249 1252 1253 1257 1258 1259 1262 1263 1266 1507 286 287 288 289 290 291 292 293 294 295 296 297 298 299 300 432 645 910 911 912 913 914 915 916 917 918 919 1036 1037 1040 1041 1044 1045 1048 1049 1052 1053 1056 1057 1060 1061 1064 1065 1068 1069 1072 1073 1215 1220 1221 1223 1224 1225 1226 1227 1228 1229 1230 1231 1232 1233 1234 1235 1236 1237 1238 1239 1240 1243 1244 1245 1246 1247 1248 1249 1252 1253 1257 1258 1259 1262 1263 1266 1507 286 287 288 289 290 291 292 293 294 295 296 297 298 299 300 432 645 910 911 912 913 914 915 916 917 918 919 1036 1037 1040 1041 1044 1045 1048 1049 1052 1053 1056 1057 1060 1061 1064 1065 1068 1069 1072 1073 1215 1220 1221 1223 1224 1225 1226 1227 1228 1229 1230 1231 1232 1233 1234 1235 1236 1237 1238 1239 1240 1243 1244 1245 1246 1247 1248 1249 1252 1253 1257 1258 1259 1262 1263 1266 1507 
58 3072 4096 4096 3072 
233 3072 4096 3584 3584 319 320 321 322 333 334 1270 1271 1274 1275 1278 1279 1282 1283 1286 1287 1293 1294 1296 1297 1298 1299 1300 1301 1302 1303 1305 1306 1307 1308 1309 1310 1312 1313 1314 1315 1316 1317 1318 1319 1320 1321 1322 1323 1324 1325 1326 1327 1328 1329 1330 1331 1332 1333 1334 1335 1340 1341 1342 1343 1369 1370 1371 1372 1373 1374 1375 1376 1377 1378 319 320 321 322 333 334 1270 1271 1274 1275 1278 1279 1282 1283 1286 1287 1293 1294 1296 1297 1298 1299 1300 1301 1302 1303 1305 1306 1307 1308 1309 1310 1312 1313 1314 1315 1316 1317 1318 1319 1320 1321 1322 1323 1324 1325 1326 1327 1328 1329 1330 1331 1332 1333 1334 1335 1340 1341 1342 1343 1369 1370 1371 1372 1373 1374 1375 1376 1377 1378 319 320 321 322 333 334 1270 1271 1274 1275 1278 1279 1282 1283 1286 1287 1293 1294 1296 1297 1298 1299 1300 1301 1302 1303 1305 1306 1307 1308 1309 1310 1312 1313 1314 1315 1316 1317 1318 1319 1320 1321 1322 1323 1324 1325 1326 1327 1328 1329 1330 1331 1332 1333 1334 1335 1340 1341 1342 1343 1369 1370 1371 1372 1373 1374 1375 1376 1377 1378 319 320 321 322 333 334 1270 1271 1274 1275 1278 1279 1282 1283 1286 1287 1293 1294 1296 1297 1298 1299 1300 1301 1302 1303 1305 1306 1307 1308 1309 1310 1312 1313 1314 1315 1316 1317 1318 1319 1320 1321 1322 1323 1324 1325 1326 1327 1328 1329 1330 1331 1332 1333 1334 1335 1340 1341 1342 1343 1369 1370 1371 1372 1373 1374 1375 1376 1377 1378 319 320 321 322 333 334 1270 1271 1274 1275 1278 1279 1282 1283 1286 1287 1293 1294 1296 1297 1298 1299 1300 1301 1302 1303 1305 1306 1307 1308 1309 1310 1312 1313 1314 1315 1316 1317 1318 1319 1320 1321 1322 1323 1324 1325 1326 1327 1328 1329 1330 1331 1332 1333 1334 1335 1340 1341 1342 1343 1369 1370 1371 1372 1373 1374 1375 1376 1377 1378 1498 1499 1501 1502 1504 1505 1512 1513 319 320 321 322 333 334 1270 1271 1274 1275 1278 1279 1282 1283 1286 1287 1293 1294 1296 1297 1298 1299 1300 1301 1302 1303 1305 1306 1307 1308 1309 1310 1312 1313 1314 1315 1316 1317 1318 1319 1320 1321 1322 1323 1324 1325 1326 1327 1328 1329 1330 1331 1332 1333 1334 1335 1340 1341 1342 1343 1369 1370 1371 1372 1373 1374 1375 1376 1377 1378 1498 1499 1501 1502 1504 1505 1512 1513 319 320 321 322 333 334 1270 1271 1274 1275 1278 1279 1282 1283 1286 1287 1293 1294 1296 1297 1298 1299 1300 1301 1302 1303 1305 1306 1307 1308 1309 1310 1312 1313 1314 1315 1316 1317 1318 1319 1320 1321 1322 1323 1324 1325 1326 1327 1328 1329 1330 1331 1332 1333 1334 1335 1340 1341 1342 1343 1369 1370 1371 1372 1373 1374 1375 1376 1377 1378 1498 1499 1501 1502 1504 1505 1512 1513 
234 3584 4096 4096 3584 335 336 337 338 339 340 341 342 343 344 345 346 347 348 349 350 351 352 353 354 355 356 357 358 359 360 420 421 435 436 647 1336 1337 1338 1339 1379 1380 1381 1382 1383 1384 1385 1386 1387 1388 1389 1390 1391 1392 1393 1394 1395 1396 1397 1398 1399 1400 1401 1402 1403 1404 1405 335 336 337 338 339 340 341 342 343 344 345 346 347 348 349 350 351 352 353 354 355 356 357 358 359 360 420 421 435 436 647 1336 1337 1338 1339 1379 1380 1381 1382 1383 1384 1385 1386 1387 1388 1389 1390 1391 1392 1393 1394 1395 1396 1397 1398 1399 1400 1401 1402 1403 1404 1405 335 336 337 338 339 340 341 342 343 344 345 346 347 348 349 350 351 352 353 354 355 356 357 358 359 360 420 421 435 436 647 1336 1337 1338 1339 1379 1380 1381 1382 1383 1384 1385 1386 1387 1388 1389 1390 1391 1392 1393 1394 1395 1396 1397 1398 1399 1400 1401 1402 1403 1404 1405 335 336 337 338 339 340 341 342 343 344 345 346 347 348 349 350 351 352 353 354 355 356 357 358 359 360 420 421 435 436 647 1336 1337 1338 1339 1379 1380 1381 1382 1383 1384 1385 1386 1387 1388 1389 1390 1391 1392 1393 1394 1395 1396 1397 1398 1399 1400 1401 1402 1403 1404 1405 335 336 337 338 339 340 341 342 343 344 345 346 347 348 349 350 351 352 353 354 355 356 357 358 359 360 420 421 435 436 647 1336 1337 1338 1339 1379 1380 1381 1382 1383 1384 1385 1386 1387 1388 1389 1390 1391 1392 1393 1394 1395 1396 1397 1398 1399 1400 1401 1402 1403 1404 1405 335 336 337 338 339 340 341 342 343 344 345 346 347 348 349 350 351 352 353 354 355 356 357 358 359 360 420 421 435 436 647 1336 1337 1338 1339 1379 1380 1381 1382 1383 1384 1385 1386 1387 1388 1389 1390 1391 1392 1393 1394 1395 1396 1397 1398 1399 1400 1401 1402 1403 1404 1405 335 336 337 338 339 340 341 342 343 344 345 346 347 348 349 350 351 352 353 354 355 356 357 358 359 360 420 421 435 436 647 1336 1337 1338 1339 1379 1380 1381 1382 1383 1384 1385 1386 1387 1388 1389 1390 1391 1392 1393 1394 1395 1396 1397 1398 1399 1400 1401 1402 1403 1404 1405 
235 3072 3584 3584 3072 1038 1039 1042 1043 1046 1047 1050 1051 1054 1055 1058 1059 1062 1063 1066 1067 1070 1071 1074 1075 1241 1242 1250 1251 1254 1255 1260 1261 1264 1265 1361 1362 1363 1364 1365 1366 1367 1368 1406 1407 1408 1409 1410 1411 1412 1413 1038 1039 1042 1043 1046 1047 1050 1051 1054 1055 1058 1059 1062 1063 1066 1067 1070 1071 1074 1075 1241 1242 1250 1251 1254 1255 1260 1261 1264 1265 1361 1362 1363 1364 1365 1366 1367 1368 1406 1407 1408 1409 1410 1411 1412 1413 1038 1039 1042 1043 1046 1047 1050 1051 1054 1055 1058 1059 1062 1063 1066 1067 1070 1071 1074 1075 1241 1242 1250 1251 1254 1255 1260 1261 1264 1265 1361 1362 1363 1364 1365 1366 1367 1368 1406 1407 1408 1409 1410 1411 1412 1413 1038 1039 1042 1043 1046 1047 1050 1051 1054 1055 1058 1059 1062 1063 1066 1067 1070 1071 1074 1075 1241 1242 1250 1251 1254 1255 1260 1261 1264 1265 1361 1362 1363 1364 1365 1366 1367 1368 1406 1407 1408 1409 1410 1411 1412 1413 1038 1039 1042 1043 1046 1047 1050 1051 1054 1055 1058 1059 1062 1063 1066 1067 1070 1071 1074 1075 1241 1242 1250 1251 1254 1255 1260 1261 1264 1265 1361 1362 1363 1364 1365 1366 1367 1368 1406 1407 1408 1409 1410 1411 1412 1413 1508 1509 1038 1039 1042 1043 1046 1047 1050 1051 1054 1055 1058 1059 1062 1063 1066 1067 1070 1071 1074 1075 1241 1242 1250 1251 1254 1255 1260 1261 1264 1265 1361 1362 1363 1364 1365 1366 1367 1368 1406 1407 1408 1409 1410 1411 1412 1413 1508 1509 1038 1039 1042 1043 1046 1047 1050 1051 1054 1055 1058 1059 1062 1063 1066 1067 1070 1071 1074 1075 1241 1242 1250 1251 1254 1255 1260 1261 1264 1265 1361 1362 1363 1364 1365 1366 1367 1368 1406 1407 1408 1409 1410 1411 1412 1413 1508 1509 
236 3584 3584 4096 3072 361 362 363 364 365 366 367 368 369 374 375 434 441 442 443 648 361 362 363 364 365 366 367 368 369 374 375 434 441 442 443 648 361 362 363 364 365 366 367 368 369 374 375 434 441 442 443 648 361 362 363 364 365 366 367 368 369 374 375 434 441 442 443 648 361 362 363 364 365 366 367 368 369 374 375 434 441 442 443 648 361 362 363 364 365 366 367 368 369 374 375 434 441 442 443 648 361 362 363 364 365 366 367 368 369 374 375 434 441 442 443 648 
59 2048 3072 3072 2048 
237 2048 3072 2560 2560 1087 1088 1089 1090 1091 1092 1093 1094 1095 1096 1097 1098 1099 1100 1101 1102 1139 1140 1141 1142 1143 1144 1145 1146 1147 1148 1149 1150 1151 1152 1153 1154 1087 1088 1089 1090 1091 1092 1093 1094 1095 1096 1097 1098 1099 1100 1101 1102 1139 1140 1141 1142 1143 1144 1145 1146 1147 1148 1149 1150 1151 1152 1153 1154 1087 1088 1089 1090 1091 1092 1093 1094 1095 1096 1097 1098 1099 1100 1101 1102 1139 1140 1141 1142 1143 1144 1145 1146 1147 1148 1149 1150 1151 1152 1153 1154 1087 1088 1089 1090 1091 1092 1093 1094 1095 1096 1097 1098 1099 1100 1101 1102 1139 1140 1141 1142 1143 1144 1145 1146 1147 1148 1149 1150 1151 1152 1153 1154 1087 1088 1089 1090 1091 1092 1093 1094 1095 1096 1097 1098 1099 1100 1101 1102 1139 1140 1141 1142 1143 1144 1145 1146 1147 1148 1149 1150 1151 1152 1153 1154 1087 1088 1089 1090 1091 1092 1093 1094 1095 1096 1097 1098 1099 1100 1101 1102 1139 1140 1141 1142 1143 1144 1145 1146 1147 1148 1149 1150 1151 1152 1153 1154 1087 1088 1089 1090 1091 1092 1093 1094 1095 1096 1097 1098 1099 1100 1101 1102 1139 1140 1141 1142 1143 1144 1145 1146 1147 1148 1149 1150 1151 1152 1153 1154 
238 2560 3072 3072 2560 264 265 266 267 268 269 270 271 272 273 274 275 276 277 278 279 280 281 282 283 284 285 899 900 901 902 903 904 905 906 907 908 909 972 973 976 977 980 981 984 985 988 989 992 993 996 997 1000 1001 1004 1005 1008 1009 1012 1013 1016 1017 1020 1021 1024 1025 1028 1029 1032 1033 1213 1214 1216 1217 1218 1219 1445 1446 1447 1460 1461 1462 1463 1464 264 265 266 267 268 269 270 271 272 273 274 275 276 277 278 279 280 281 282 283 284 285 899 900 901 902 903 904 905 906 907 908 909 972 973 976 977 980 981 984 985 988 989 992 993 996 997 1000 1001 1004 1005 1008 1009 1012 1013 1016 1017 1020 1021 1024 1025 1028 1029 1032 1033 1213 1214 1216 1217 1218 1219 1445 1446 1447 1460 1461 1462 1463 1464 264 265 266 267 268 269 270 271 272 273 274 275 276 277 278 279 280 281 282 283 284 285 899 900 901 902 903 904 905 906 907 908 909 972 973 976 977 980 981 984 985 988 989 992 993 996 997 1000 1001 1004 1005 1008 1009 1012 1013 1016 1017 1020 1021 1024 1025 1028 1029 1032 1033 1213 1214 1216 1217 1218 1219 1445 1446 1447 1460 1461 1462 1463 1464 264 265 266 267 268 269 270 271 272 273 274 275 276 277 278 279 280 281 282 283 284 285 899 900 901 902 903 904 905 906 907 908 909 972 973 976 977 980 981 984 985 988 989 992 993 996 997 1000 1001 1004 1005 1008 1009 1012 1013 1016 1017 1020 1021 1024 1025 1028 1029 1032 1033 1213 1214 1216 1217 1218 1219 1445 1446 1447 1460 1461 1462 1463 1464 264 265 266 267 268 269 270 271 272 273 274 275 276 277 278 279 280 281 282 283 284 285 899 900 901 902 903 904 905 906 907 908 909 972 973 976 977 980 981 984 985 988 989 992 993 996 997 1000 1001 1004 1005 1008 1009 1012 1013 1016 1017 1020 1021 1024 1025 1028 1029 1032 1033 1213 1214 1216 1217 1218 1219 1445 1446 1447 1460 1461 1462 1463 1464 264 265 266 267 268 269 270 271 272 273 274 275 276 277 278 279 280 281 282 283 284 285 899 900 901 902 903 904 905 906 907 908 909 972 973 976 977 980 981 984 985 988 989 992 993 996 997 1000 1001 1004 1005 1008 1009 1012 1013 1016 1017 1020 1021 1024 1025 1028 1029 1032 1033 1213 1214 1216 1217 1218 1219 1445 1446 1447 1460 1461 1462 1463 1464 264 265 266 267 268 269 270 271 272 273 274 275 276 277 278 279 280 281 282 283 284 285 899 900 901 902 903 904 905 906 907 908 909 972 973 976 977 980 981 984 985 988 989 992 993 996 997 1000 1001 1004 1005 1008 1009 1012 1013 1016 1017 1020 1021 1024 1025 1028 1029 1032 1033 1213 1214 1216 1217 1218 1219 1445 1446 1447 1460 1461 1462 1463 1464 
239 2048 2560 2560 2048 225 226 227 228 229 230 231 232 233 234 643 651 850 851 852 853 854 857 1085 1086 1137 1138 1185 1195 1201 1207 225 226 227 228 229 230 231 232 233 234 643 651 850 851 852 853 854 857 1085 1086 1137 1138 1185 1195 1201 1207 225 226 227 228 229 230 231 232 233 234 643 651 850 851 852 853 854 857 1085 1086 1137 1138 1185 1195 1201 1207 225 226 227 228 229 230 231 232 233 234 643 651 850 851 852 853 854 857 1085 1086 1137 1138 1185 1195 1201 1207 225 226 227 228 229 230 231 232 233 234 643 651 850 851 852 853 854 857 1085 1086 1137 1138 1185 1195 1201 1207 225 226 227 228 229 230 231 232 233 234 643 651 850 851 852 853 854 857 1085 1086 1137 1138 1185 1195 1201 1207 225 226 227 228 229 230 231 232 233 234 643 651 850 851 852 853 854 857 1085 1086 1137 1138 1185 1195 1201 1207 
240 2560 2560 3072 2048 245 246 247 248 249 250 251 252 253 254 255 256 257 258 259 260 261 262 263 418 428 644 885 886 887 888 889 890 891 893 894 895 896 897 898 920 921 924 925 928 929 932 933 936 937 940 941 944 945 948 949 952 953 956 957 960 961 964 965 968 969 1076 1077 1080 1081 1082 1083 1084 1133 1134 1186 1187 1188 1189 1190 1191 1192 1193 1194 1196 1197 1198 1199 1200 1202 1203 1204 1205 1206 1208 1209 1210 1211 1212 1440 1441 1442 1443 1444 1457 1458 1459 245 246 247 248 249 250 251 252 253 254 255 256 257 258 259 260 261 262 263 418 428 644 885 886 887 888 889 890 891 893 894 895 896 897 898 920 921 924 925 928 929 932 933 936 937 940 941 944 945 948 949 952 953 956 957 960 961 964 965 968 969 1076 1077 1080 1081 1082 1083 1084 1133 1134 1186 1187 1188 1189 1190 1191 1192 1193 1194 1196 1197 1198 1199 1200 1202 1203 1204 1205 1206 1208 1209 1210 1211 1212 1440 1441 1442 1443 1444 1457 1458 1459 245 246 247 248 249 250 251 252 253 254 255 256 257 258 259 260 261 262 263 418 428 644 885 886 887 888 889 890 891 893 894 895 896 897 898 920 921 924 925 928 929 932 933 936 937 940 941 944 945 948 949 952 953 956 957 960 961 964 965 968 969 1076 1077 1080 1081 1082 1083 1084 1133 1134 1186 1187 1188 1189 1190 1191 1192 1193 1194 1196 1197 1198 1199 1200 1202 1203 1204 1205 1206 1208 1209 1210 1211 1212 1440 1441 1442 1443 1444 1457 1458 1459 245 246 247 248 249 250 251 252 253 254 255 256 257 258 259 260 261 262 263 418 428 644 885 886 887 888 889 890 891 893 894 895 896 897 898 920 921 924 925 928 929 932 933 936 937 940 941 944 945 948 949 952 953 956 957 960 961 964 965 968 969 1076 1077 1080 1081 1082 1083 1084 1133 1134 1186 1187 1188 1189 1190 1191 1192 1193 1194 1196 1197 1198 1199 1200 1202 1203 1204 1205 1206 1208 1209 1210 1211 1212 1440 1441 1442 1443 1444 1457 1458 1459 1469 245 246 247 248 249 250 251 252 253 254 255 256 257 258 259 260 261 262 263 418 428 644 885 886 887 888 889 890 891 893 894 895 896 897 898 920 921 924 925 928 929 932 933 936 937 940 941 944 945 948 949 952 953 956 957 960 961 964 965 968 969 1076 1077 1080 1081 1082 1083 1084 1133 1134 1186 1187 1188 1189 1190 1191 1192 1193 1194 1196 1197 1198 1199 1200 1202 1203 1204 1205 1206 1208 1209 1210 1211 1212 1440 1441 1442 1443 1444 1457 1458 1459 1469 245 246 247 248 249 250 251 252 253 254 255 256 257 258 259 260 261 262 263 418 428 644 885 886 887 888 889 890 891 893 894 895 896 897 898 920 921 924 925 928 929 932 933 936 937 940 941 944 945 948 949 952 953 956 957 960 961 964 965 968 969 1076 1077 1080 1081 1082 1083 1084 1133 1134 1186 1187 1188 1189 1190 1191 1192 1193 1194 1196 1197 1198 1199 1200 1202 1203 1204 1205 1206 1208 1209 1210 1211 1212 1440 1441 1442 1443 1444 1457 1458 1459 1469 245 246 247 248 249 250 251 252 253 254 255 256 257 258 259 260 261 262 263 418 428 644 885 886 887 888 889 890 891 893 894 895 896 897 898 920 921 924 925 928 929 932 933 936 937 940 941 944 945 948 949 952 953 956 957 960 961 964 965 968 969 1076 1077 1080 1081 1082 1083 1084 1133 1134 1186 1187 1188 1189 1190 1191 1192 1193 1194 1196 1197 1198 1199 1200 1202 1203 1204 1205 1206 1208 1209 1210 1211 1212 1440 1441 1442 1443 1444 1457 1458 1459 1469 
60 3072 3072 4096 2048 
241 3072 3072 3584 2560 974 975 978 979 982 983 986 987 990 991 994 995 998 999 1002 1003 1006 1007 1010 1011 1014 1015 1018 1019 1022 1023 1026 1027 1030 1031 1034 1035 1353 1354 1355 1356 1357 1358 1359 1360 1414 1415 1416 1417 1418 1419 1420 1421 1422 974 975 978 979 982 983 986 987 990 991 994 995 998 999 1002 1003 1006 1007 1010 1011 1014 1015 1018 1019 1022 1023 1026 1027 1030 1031 1034 1035 1353 1354 1355 1356 1357 1358 1359 1360 1414 1415 1416 1417 1418 1419 1420 1421 1422 974 975 978 979 982 983 986 987 990 991 994 995 998 999 1002 1003 1006 1007 1010 1011 1014 1015 1018 1019 1022 1023 1026 1027 1030 1031 1034 1035 1353 1354 1355 1356 1357 1358 1359 1360 1414 1415 1416 1417 1418 1419 1420 1421 1422 974 975 978 979 982 983 986 987 990 991 994 995 998 999 1002 1003 1006 1007 1010 1011 1014 1015 1018 1019 1022 1023 1026 1027 1030 1031 1034 1035 1353 1354 1355 1356 1357 1358 1359 1360 1414 1415 1416 1417 1418 1419 1420 1421 1422 974 975 978 979 982 983 986 987 990 991 994 995 998 999 1002 1003 1006 1007 1010 1011 1014 1015 1018 1019 1022 1023 1026 1027 1030 1031 1034 1035 1353 1354 1355 1356 1357 1358 1359 1360 1414 1415 1416 1417 1418 1419 1420 1421 1422 974 975 978 979 982 983 986 987 990 991 994 995 998 999 1002 1003 1006 1007 1010 1011 1014 1015 1018 1019 1022 1023 1026 1027 1030 1031 1034 1035 1353 1354 1355 1356 1357 1358 1359 1360 1414 1415 1416 1417 1418 1419 1420 1421 1422 974 975 978 979 982 983 986 987 990 991 994 995 998 999 1002 1003 1006 1007 1010 1011 1014 1015 1018 1019 1022 1023 1026 1027 1030 1031 1034 1035 1353 1354 1355 1356 1357 1358 1359 1360 1414 1415 1416 1417 1418 1419 1420 1421 1422 
242 3584 3072 4096 2560 370 371 372 373 376 377 378 379 380 381 382 383 384 385 386 387 388 444 445 446 447 370 371 372 373 376 377 378 379 380 381 382 383 384 385 386 387 388 444 445 446 447 370 371 372 373 376 377 378 379 380 381 382 383 384 385 386 387 388 444 445 446 447 370 371 372 373 376 377 378 379 380 381 382 383 384 385 386 387 388 444 445 446 447 370 371 372 373 376 377 378 379 380 381 382 383 384 385 386 387 388 444 445 446 447 370 371 372 373 376 377 378 379 380 381 382 383 384 385 386 387 388 444 445 446 447 370 371 372 373 376 377 378 379 380 381 382 383 384 385 386 387 388 444 445 446 447 
243 3072 2560 3584 2048 892 1197 922 923 926 927 930 931 934 935 938 939 942 943 946 947 950 951 954 955 958 959 962 963 966 967 970 971 1078 1079 1135 1136 1344 1345 1346 1347 1348 1349 1350 1351 1352 1423 1424 1425 1426 1427 892 1197 922 923 926 927 930 931 934 935 938 939 942 943 946 947 950 951 954 955 958 959 962 963 966 967 970 971 1078 1079 1135 1136 1344 1345 1346 1347 1348 1349 1350 1351 1352 1423 1424 1425 1426 1427 892 1197 922 923 926 927 930 931 934 935 938 939 942 943 946 947 950 951 954 955 958 959 962 963 966 967 970 971 1078 1079 1135 1136 1344 1345 1346 1347 1348 1349 1350 1351 1352 1423 1424 1425 1426 1427 892 1197 922 923 926 927 930 931 934 935 938 939 942 943 946 947 950 951 954 955 958 959 962 963 966 967 970 971 1078 1079 1135 1136 1344 1345 1346 1347 1348 1349 1350 1351 1352 1423 1424 1425 1426 1427 892 922 923 926 927 930 931 934 935 938 939 942 943 946 947 950 951 954 955 958 959 962 963 966 967 970 971 1078 1079 1135 1136 1344 1345 1346 1347 1348 1349 1350 1351 1352 1423 1424 1425 1426 1427 1477 1478 1479 1480 1481 1482 1483 1484 892 922 923 926 927 930 931 934 935 938 939 942 943 946 947 950 951 954 955 958 959 962 963 966 967 970 971 1078 1079 1135 1136 1344 1345 1346 1347 1348 1349 1350 1351 1352 1423 1424 1425 1426 1427 1477 1478 1479 1480 1481 1482 1483 1484 892 922 923 926 927 930 931 934 935 938 939 942 943 946 947 950 951 954 955 958 959 962 963 966 967 970 971 1078 1079 1135 1136 1344 1345 1346 1347 1348 1349 1350 1351 1352 1423 1424 1425 1426 1427 1477 1478 1479 1480 1481 1482 1483 1484 
244 3584 2560 4096 2048 448 449 450 451 452 453 454 455 461 462 463 464 465 466 467 468 474 475 476 477 478 479 480 481 482 483 484 485 486 487 488 543 544 545 546 547 548 549 550 448 449 450 451 452 453 454 455 461 462 463 464 465 466 467 468 474 475 476 477 478 479 480 481 482 483 484 485 486 487 488 543 544 545 546 547 548 549 550 448 449 450 451 452 453 454 455 461 462 463 464 465 466 467 468 474 475 476 477 478 479 480 481 482 483 484 485 486 487 488 543 544 545 546 547 548 549 550 448 449 450 451 452 453 454 455 461 462 463 464 465 466 467 468 474 475 476 477 478 479 480 481 482 483 484 485 486 487 488 543 544 545 546 547 548 549 550 1472 448 449 450 451 452 453 454 455 461 462 463 464 465 466 467 468 474 475 476 477 478 479 480 481 482 483 484 485 486 487 488 543 544 545 546 547 548 549 550 1472 448 449 450 451 452 453 454 455 461 462 463 464 465 466 467 468 474 475 476 477 478 479 480 481 482 483 484 485 486 487 488 543 544 545 546 547 548 549 550 1472 448 449 450 451 452 453 454 455 461 462 463 464 465 466 467 468 474 475 476 477 478 479 480 481 482 483 484 485 486 487 488 543 544 545 546 547 548 549 550 1472 
15 0 2048 2048 0 
61 0 2048 1024 1024 
62 1024 2048 2048 1024 
249 1024 2048 1536 1536 
250 1536 2048 2048 1536 198 199 200 201 202 203 204 205 206 207 208 209 210 211 212 213 214 215 216 217 218 219 220 417 426 427 431 642 699 702 703 704 705 706 707 800 801 802 803 804 805 806 808 810 812 814 816 817 818 819 820 821 823 824 825 827 828 829 830 831 832 833 838 839 1448 1449 1772 198 199 200 201 202 203 204 205 206 207 208 209 210 211 212 213 214 215 216 217 218 219 220 417 426 427 431 642 699 702 703 704 705 706 707 800 801 802 803 804 805 806 808 810 812 814 816 817 818 819 820 821 823 824 825 827 828 829 830 831 832 833 838 839 1448 1449 1772 198 199 200 201 202 203 204 205 206 207 208 209 210 211 212 213 214 215 216 217 218 219 220 417 426 427 431 642 699 702 703 704 705 706 707 800 801 802 803 804 805 806 808 810 812 814 816 817 818 819 820 821 823 824 825 827 828 829 830 831 832 833 838 839 1448 1449 1468 198 199 200 201 202 203 204 205 206 207 208 209 210 211 212 213 214 215 216 217 218 219 220 417 426 427 431 642 699 702 703 704 705 706 707 800 801 802 803 804 805 806 808 810 812 814 816 817 818 819 820 821 823 824 825 827 828 829 830 831 832 833 838 839 1448 1449 1468 198 199 200 201 202 203 204 205 206 207 208 209 210 211 212 213 214 215 216 217 218 219 220 417 426 427 431 642 699 702 703 704 705 706 707 800 801 802 803 804 805 806 808 810 812 814 816 817 818 819 820 821 823 824 825 827 828 829 830 831 832 833 838 839 1448 1449 1468 198 199 200 201 202 203 204 205 206 207 208 209 210 211 212 213 214 215 216 217 218 219 220 417 426 427 431 642 699 702 703 704 705 706 707 800 801 802 803 804 805 806 808 810 812 814 816 817 818 819 820 821 823 824 825 827 828 829 830 831 832 833 838 839 1448 1449 1468 198 199 200 201 202 203 204 205 206 207 208 209 210 211 212 213 214 215 216 217 218 219 220 417 426 427 431 642 699 702 703 704 705 706 707 800 801 802 803 804 805 806 808 810 812 814 816 817 818 819 820 821 823 824 825 827 828 829 830 831 832 833 838 839 1448 1449 1468 
251 1024 1536 1536 1024 
252 1536 1536 2048 1024 184 185 187 188 189 190 191 192 193 194 195 196 197 389 391 392 415 416 423 424 430 653 683 684 685 686 687 688 689 690 691 692 693 694 695 696 697 698 708 709 714 715 716 720 1433 1436 1437 1438 1439 184 185 187 188 189 190 191 192 193 194 195 196 197 389 391 392 415 416 423 424 430 653 683 684 685 686 687 688 689 690 691 692 693 694 695 696 697 698 708 709 714 715 716 720 1433 1436 1437 1438 1439 184 185 187 188 189 190 191 192 193 194 195 196 197 389 391 392 415 416 423 424 430 653 683 684 685 686 687 688 689 690 691 692 693 694 695 696 697 698 708 709 714 715 716 720 1433 1436 1437 1438 1439 184 185 187 188 189 190 191 192 193 194 195 196 197 389 391 392 415 416 423 424 430 653 683 684 685 686 687 688 689 690 691 692 693 694 695 696 697 698 708 709 714 715 716 720 1433 1436 1437 1438 1439 184 185 187 188 189 190 191 192 193 194 195 196 197 389 391 392 415 416 423 424 430 653 683 684 685 686 687 688 689 690 691 692 693 694 695 696 697 698 708 709 714 715 716 720 1433 1436 1437 1438 1439 1517 1518 1519 184 185 187 188 189 190 191 192 193 194 195 196 197 389 391 392 415 416 423 424 430 653 683 684 685 686 687 688 689 690 691 692 693 694 695 696 697 698 708 709 714 715 716 720 1433 1436 1437 1438 1439 1517 1518 1519 184 185 187 188 189 190 191 192 193 194 195 196 197 389 391 392 415 416 423 424 430 653 683 684 685 686 687 688 689 690 691 692 693 694 695 696 697 698 708 709 714 715 716 720 1433 1436 1437 1438 1439 1517 1518 1519 
63 0 1024 1024 0 
253 0 1024 512 512 
254 512 1024 1024 512 
255 0 512 512 0 1 2 3 4 5 6 7 8 29 30 31 32 33 34 35 36 57 58 59 60 61 62 63 64 65 66 67 68 69 70 71 72 93 94 95 96 97 98 99 100 101 102 108 398 399 402 403 405 406 1428 1 2 3 4 5 6 7 8 29 30 31 32 33 34 35 36 57 58 59 60 61 62 63 64 65 66 67 68 69 70 71 72 93 94 95 96 97 98 99 100 101 102 108 398 399 402 403 405 406 1428 1467 1 2 3 4 5 6 7 8 29 30 31 32 33 34 35 36 57 58 59 60 61 62 63 64 65 66 67 68 69 70 71 72 93 94 95 96 97 98 99 100 101 102 108 398 399 402 403 405 406 1428 1467 1 2 3 4 5 6 7 8 29 30 31 32 33 34 35 36 57 58 59 60 61 62 63 64 65 66 67 68 69 70 71 72 93 94 95 96 97 98 99 100 101 102 108 398 399 402 403 405 406 1428 1467 1 2 3 4 5 6 7 8 29 30 31 32 33 34 35 36 57 58 59 60 61 62 63 64 65 66 67 68 69 70 71 72 93 94 95 96 97 98 99 100 101 102 108 398 399 402 403 405 406 1428 1467 1 2 3 4 5 6 7 8 29 30 31 32 33 34 35 36 57 58 59 60 61 62 63 64 65 66 67 68 69 70 71 72 93 94 95 96 97 98 99 100 101 102 108 398 399 402 403 405 406 1428 1467 1 2 3 4 5 6 7 8 29 30 31 32 33 34 35 36 57 58 59 60 61 62 63 64 65 66 67 68 69 70 71 72 93 94 95 96 97 98 99 100 101 102 108 398 399 402 403 405 406 1428 1467 
256 512 512 1024 0 9 10 11 12 13 14 15 16 37 38 39 40 41 42 43 44 73 74 75 76 77 78 79 80 81 82 83 84 85 86 87 88 103 104 105 106 107 109 110 121 122 400 401 404 407 408 409 410 411 429 652 9 10 11 12 13 14 15 16 37 38 39 40 41 42 43 44 73 74 75 76 77 78 79 80 81 82 83 84 85 86 87 88 103 104 105 106 107 109 110 121 122 400 401 404 407 408 409 410 411 429 652 9 10 11 12 13 14 15 16 37 38 39 40 41 42 43 44 73 74 75 76 77 78 79 80 81 82 83 84 85 86 87 88 103 104 105 106 107 109 110 121 122 400 401 404 407 408 409 410 411 429 652 9 10 11 12 13 14 15 16 37 38 39 40 41 42 43 44 73 74 75 76 77 78 79 80 81 82 83 84 85 86 87 88 103 104 105 106 107 109 110 121 122 400 401 404 407 408 409 410 411 429 652 9 10 11 12 13 14 15 16 37 38 39 40 41 42 43 44 73 74 75 76 77 78 79 80 81 82 83 84 85 86 87 88 103 104 105 106 107 109 110 121 122 400 401 404 407 408 409 410 411 429 652 9 10 11 12 13 14 15 16 37 38 39 40 41 42 43 44 73 74 75 76 77 78 79 80 81 82 83 84 85 86 87 88 103 104 105 106 107 109 110 121 122 400 401 404 407 408 409 410 411 429 652 9 10 11 12 13 14 15 16 37 38 39 40 41 42 43 44 73 74 75 76 77 78 79 80 81 82 83 84 85 86 87 88 103 104 105 106 107 109 110 121 122 400 401 404 407 408 409 410 411 429 652 
64 1024 1024 2048 0 
257 1024 1024 1536 512 
258 1536 1024 2048 512 163 164 165 166 167 168 169 170 171 172 173 174 175 176 177 178 179 180 181 182 183 186 390 414 422 672 673 674 675 676 677 678 679 680 681 682 700 701 710 711 712 713 717 718 719 756 758 759 760 761 763 764 765 766 768 769 770 772 773 774 1429 1430 1432 1434 1435 1454 1455 1456 163 164 165 166 167 168 169 170 171 172 173 174 175 176 177 178 179 180 181 182 183 186 390 414 422 672 673 674 675 676 677 678 679 680 681 682 700 701 710 711 712 713 717 718 719 756 758 759 760 761 763 764 765 766 768 769 770 772 773 774 1429 1430 1432 1434 1435 1454 1455 1456 163 164 165 166 167 168 169 170 171 172 173 174 175 176 177 178 179 180 181 182 183 186 390 414 422 672 673 674 675 676 677 678 679 680 681 682 700 701 710 711 712 713 717 718 719 756 758 759 760 761 763 764 765 766 768 769 770 772 773 774 1429 1430 1432 1434 1435 1454 1455 1456 163 164 165 166 167 168 169 170 171 172 173 174 175 176 177 178 179 180 181 182 183 186 390 414 422 672 673 674 675 676 677 678 679 680 681 682 700 701 710 711 712 713 717 718 719 756 758 759 760 761 763 764 765 766 768 769 770 772 773 774 1429 1430 1432 1434 1435 1454 1455 1456 163 164 165 166 167 168 169 170 171 172 173 174 175 176 177 178 179 180 181 182 183 186 390 414 422 672 673 674 675 676 677 678 679 680 681 682 700 701 710 711 712 713 717 718 719 756 758 759 760 761 763 764 765 766 768 769 770 772 773 774 1429 1430 1432 1434 1435 1454 1455 1456 1521 163 164 165 166 167 168 169 170 171 172 173 174 175 176 177 178 179 180 181 182 183 186 390 414 422 672 673 674 675 676 677 678 679 680 681 682 700 701 710 711 712 713 717 718 719 756 758 759 760 761 763 764 765 766 768 769 770 772 773 774 1429 1430 1432 1434 1435 1454 1455 1456 1521 163 164 165 166 167 168 169 170 171 172 173 174 175 176 177 178 179 180 181 182 183 186 390 414 422 672 673 674 675 676 677 678 679 680 681 682 700 701 710 711 712 713 717 718 719 756 758 759 760 761 763 764 765 766 768 769 770 772 773 774 1429 1430 1432 1434 1435 1454 1455 1456 1521 
259 1024 512 1536 0 17 18 19 20 21 22 23 45 46 47 48 49 50 51 89 90 91 92 123 124 125 126 127 128 131 132 133 134 135 136 137 138 139 140 141 142 143 394 395 396 397 437 438 439 17 18 19 20 21 22 23 45 46 47 48 49 50 51 89 90 91 92 123 124 125 126 127 128 131 132 133 134 135 136 137 138 139 140 141 142 143 394 395 396 397 437 438 439 17 18 19 20 21 22 23 45 46 47 48 49 50 51 89 90 91 92 123 124 125 126 127 128 131 132 133 134 135 136 137 138 139 140 141 142 143 394 395 396 397 437 438 439 17 18 19 20 21 22 23 45 46 47 48 49 50 51 89 90 91 92 123 124 125 126 127 128 131 132 133 134 135 136 137 138 139 140 141 142 143 394 395 396 397 437 438 439 17 18 19 20 21 22 23 45 46 47 48 49 50 51 89 90 91 92 123 124 125 126 127 128 131 132 133 134 135 136 137 138 139 140 141 142 143 394 395 396 397 437 438 439 17 18 19 20 21 22 23 45 46 47 48 49 50 51 89 90 91 92 123 124 125 126 127 128 131 132 133 134 135 136 137 138 139 140 141 142 143 394 395 396 397 437 438 439 17 18 19 20 21 22 23 45 46 47 48 49 50 51 89 90 91 92 123 124 125 126 127 128 131 132 133 134 135 136 137 138 139 140 141 142 143 394 395 396 397 437 438 439 
260 1536 512 2048 0 24 25 26 27 28 52 53 54 55 56 111 112 113 114 115 116 117 118 119 120 129 130 144 145 146 147 148 149 150 151 152 153 154 155 156 157 158 159 160 161 162 412 413 440 654 655 656 657 658 659 660 661 662 663 664 665 666 667 668 669 670 671 723 725 727 729 730 732 733 735 736 738 739 741 742 743 1431 1450 1451 1452 1453 1465 1466 24 25 26 27 28 52 53 54 55 56 111 112 113 114 115 116 117 118 119 120 129 130 144 145 146 147 148 149 150 151 152 153 154 155 156 157 158 159 160 161 162 412 413 440 654 655 656 657 658 659 660 661 662 663 664 665 666 667 668 669 670 671 723 725 727 729 730 732 733 735 736 738 739 741 742 743 1431 1450 1451 1452 1453 1465 1466 24 25 26 27 28 52 53 54 55 56 111 112 113 114 115 116 117 118 119 120 129 130 144 145 146 147 148 149 150 151 152 153 154 155 156 157 158 159 160 161 162 412 413 440 654 655 656 657 658 659 660 661 662 663 664 665 666 667 668 669 670 671 723 725 727 729 730 732 733 735 736 738 739 741 742 743 1431 1450 1451 1452 1453 1465 1466 24 25 26 27 28 52 53 54 55 56 111 112 113 114 115 116 117 118 119 120 129 130 144 145 146 147 148 149 150 151 152 153 154 155 156 157 158 159 160 161 162 412 413 440 654 655 656 657 658 659 660 661 662 663 664 665 666 667 668 669 670 671 723 725 727 729 730 732 733 735 736 738 739 741 742 743 1431 1450 1451 1452 1453 1465 1466 24 25 26 27 28 52 53 54 55 56 111 112 113 114 115 116 117 118 119 120 129 130 144 145 146 147 148 149 150 151 152 153 154 155 156 157 158 159 160 161 162 412 413 440 654 655 656 657 658 659 660 661 662 663 664 665 666 667 668 669 670 671 723 725 727 729 730 732 733 735 736 738 739 741 742 743 1431 1450 1451 1452 1453 1465 1466 1520 24 25 26 27 28 52 53 54 55 56 111 112 113 114 115 116 117 118 119 120 129 130 144 145 146 147 148 149 150 151 152 153 154 155 156 157 158 159 160 161 162 412 413 440 654 655 656 657 658 659 660 661 662 663 664 665 666 667 668 669 670 671 723 725 727 729 730 732 733 735 736 738 739 741 742 743 1431 1450 1451 1452 1453 1465 1466 1520 24 25 26 27 28 52 53 54 55 56 111 112 113 114 115 116 117 118 119 120 129 130 144 145 146 147 148 149 150 151 152 153 154 155 156 157 158 159 160 161 162 412 413 440 654 655 656 657 658 659 660 661 662 663 664 665 666 667 668 669 670 671 723 725 727 729 730 732 733 735 736 738 739 741 742 743 1431 1450 1451 1452 1453 1465 1466 1520 
16 2048 2048 4096 0 
65 2048 2048 3072 1024 
261 2048 2048 2560 1536 221 222 223 224 798 1039 1040 1041 1042 1043 799 1045 1046 1047 1048 1049 1051 1052 1053 1054 1055 1056 1058 1059 1060 1061 1062 1063 807 1070 1071 1072 1073 1074 809 1077 1078 1079 1080 1081 811 1084 1085 1086 1087 1088 813 1091 1092 1093 1094 1095 815 1098 1099 1100 1101 1102 1107 1108 1109 1110 1111 822 1115 1116 1117 1118 826 1123 1124 1125 1126 834 835 836 837 840 841 842 843 844 845 846 847 848 849 855 856 858 859 860 1161 1162 861 862 1170 1171 868 869 1733 1734 221 222 223 224 798 1039 1040 1041 1042 1043 799 1045 1046 1047 1048 1049 1051 1052 1053 1054 1055 1056 1058 1059 1060 1061 1062 1063 807 1070 1071 1072 1073 1074 809 1077 1078 1079 1080 1081 811 1084 1085 1086 1087 1088 813 1091 1092 1093 1094 1095 815 1098 1099 1100 1101 1102 1107 1108 1109 1110 1111 822 1115 1116 1117 1118 826 1123 1124 1125 1126 834 835 836 837 840 841 842 843 844 845 846 847 848 849 855 856 858 859 860 1161 1162 861 862 1170 1171 868 869 1733 1734 221 222 223 224 798 1039 1040 1041 1042 1043 799 1045 1046 1047 1048 1049 1051 1052 1053 1054 1055 1056 1058 1059 1060 1061 1062 1063 807 1070 1071 1072 1073 1074 809 1077 1078 1079 1080 1081 811 1084 1085 1086 1087 1088 813 1091 1092 1093 1094 1095 815 1098 1099 1100 1101 1102 1107 1108 1109 1110 1111 822 1115 1116 1117 1118 826 1123 1124 1125 1126 834 835 836 837 840 841 842 843 844 845 846 847 848 849 855 856 858 859 860 1161 1162 861 862 1170 1171 868 869 1733 1734 221 222 223 224 798 1039 1040 1041 1042 1043 799 1045 1046 1047 1048 1049 1051 1052 1053 1054 1055 1056 1058 1059 1060 1061 1062 1063 807 1070 1071 1072 1073 1074 809 1077 1078 1079 1080 1081 811 1084 1085 1086 1087 1088 813 1091 1092 1093 1094 1095 815 1098 1099 1100 1101 1102 1107 1108 1109 1110 1111 822 1115 1116 1117 1118 826 1123 1124 1125 1126 834 835 836 837 840 841 842 843 844 845 846 847 848 849 855 856 858 859 860 1161 1162 861 862 1170 1171 868 869 1733 1734 221 222 223 224 798 799 807 809 811 813 815 822 826 834 835 836 837 840 841 842 843 844 845 846 847 848 849 855 856 858 859 860 861 862 868 869 1473 1474 1475 1476 1514 1515 1516 221 222 223 224 798 799 807 809 811 813 815 822 826 834 835 836 837 840 841 842 843 844 845 846 847 848 849 855 856 858 859 860 861 862 868 869 1473 1474 1475 1476 1514 1515 1516 221 222 223 224 798 799 807 809 811 813 815 822 826 834 835 836 837 840 841 842 843 844 845 846 847 848 849 855 856 858 859 860 861 862 868 869 1473 1474 1475 1476 1514 1515 1516 
262 2560 2048 3072 1536 235 236 237 238 239 240 241 242 243 244 863 864 865 866 867 870 871 872 873 874 875 876 877 880 881 882 235 236 237 238 239 240 241 242 243 244 863 864 865 866 867 870 871 872 873 874 875 876 877 880 881 882 235 236 237 238 239 240 241 242 243 244 863 864 865 866 867 870 871 872 873 874 875 876 877 880 881 882 235 236 237 238 239 240 241 242 243 244 863 864 865 866 867 870 871 872 873 874 875 876 877 880 881 882 235 236 237 238 239 240 241 242 243 244 863 864 865 866 867 870 871 872 873 874 875 876 877 880 881 882 1487 1488 1489 1492 1493 1494 235 236 237 238 239 240 241 242 243 244 863 864 865 866 867 870 871 872 873 874 875 876 877 880 881 882 1487 1488 1489 1492 1493 1494 235 236 237 238 239 240 241 242 243 244 863 864 865 866 867 870 871 872 873 874 875 876 877 880 881 882 1487 1488 1489 1492 1493 1494 
263 2048 1536 2560 1024 782 943 944 945 946 947 783 949 950 951 952 953 784 955 956 957 958 959 785 961 962 963 964 965 786 967 968 969 970 971 787 973 974 975 976 977 788 979 980 981 982 983 789 985 986 987 988 989 790 991 992 993 994 995 791 997 998 999 1000 1001 792 1003 1004 1005 1006 1007 793 1009 1010 1011 1012 1013 794 1015 1016 1017 1018 1019 795 1021 1022 1023 1024 1025 796 1027 1028 1029 1030 1031 797 1033 1034 1035 1036 1037 782 943 944 945 946 947 783 949 950 951 952 953 784 955 956 957 958 959 785 961 962 963 964 965 786 967 968 969 970 971 787 973 974 975 976 977 788 979 980 981 982 983 789 985 986 987 988 989 790 991 992 993 994 995 791 997 998 999 1000 1001 792 1003 1004 1005 1006 1007 793 1009 1010 1011 1012 1013 794 1015 1016 1017 1018 1019 795 1021 1022 1023 1024 1025 796 1027 1028 1029 1030 1031 797 1033 1034 1035 1036 1037 782 943 944 945 946 947 783 949 950 951 952 953 784 955 956 957 958 959 785 961 962 963 964 965 786 967 968 969 970 971 787 973 974 975 976 977 788 979 980 981 982 983 789 985 986 987 988 989 790 991 992 993 994 995 791 997 998 999 1000 1001 792 1003 1004 1005 1006 1007 793 1009 1010 1011 1012 1013 794 1015 1016 1017 1018 1019 795 1021 1022 1023 1024 1025 796 1027 1028 1029 1030 1031 797 1033 1034 1035 1036 1037 782 943 944 945 946 947 783 949 950 951 952 953 784 955 956 957 958 959 785 961 962 963 964 965 786 967 968 969 970 971 787 973 974 975 976 977 788 979 980 981 982 983 789 985 986 987 988 989 790 991 992 993 994 995 791 997 998 999 1000 1001 792 1003 1004 1005 1006 1007 793 1009 1010 1011 1012 1013 794 1015 1016 1017 1018 1019 795 1021 1022 1023 1024 1025 796 1027 1028 1029 1030 1031 797 1033 1034 1035 1036 1037 782 783 784 785 786 787 788 789 790 791 792 793 794 795 796 797 782 783 784 785 786 787 788 789 790 791 792 793 794 795 796 797 782 783 784 785 786 787 788 789 790 791 792 793 794 795 796 797 
264 2560 1536 3072 1024 
66 3072 2048 4096 1024 
265 3072 2048 3584 1536 878 879 883 884 878 879 883 884 878 879 883 884 878 879 883 884 878 879 883 884 1485 1486 1490 1491 1495 1496 878 879 883 884 1485 1486 1490 1491 1495 1496 878 879 883 884 1485 1486 1490 1491 1495 1496 
266 3584 2048 4096 1536 
267 3072 1536 3584 1024 
268 3584 1536 4096 1024 
67 2048 1024 3072 0 
269 2048 1024 2560 512 751 832 833 834 835 836 752 838 839 840 841 842 753 844 845 846 847 848 754 850 851 852 853 854 755 856 857 858 859 860 757 863 864 865 866 867 762 873 874 875 876 877 767 883 884 885 886 887 771 892 893 894 895 896 775 901 902 903 904 905 776 907 908 909 910 911 777 913 914 915 916 917 778 919 920 921 922 923 779 925 926 927 928 929 780 931 932 933 934 935 781 937 938 939 940 941 751 832 833 834 835 836 752 838 839 840 841 842 753 844 845 846 847 848 754 850 851 852 853 854 755 856 857 858 859 860 757 863 864 865 866 867 762 873 874 875 876 877 767 883 884 885 886 887 771 892 893 894 895 896 775 901 902 903 904 905 776 907 908 909 910 911 777 913 914 915 916 917 778 919 920 921 922 923 779 925 926 927 928 929 780 931 932 933 934 935 781 937 938 939 940 941 751 832 833 834 835 836 752 838 839 840 841 842 753 844 845 846 847 848 754 850 851 852 853 854 755 856 857 858 859 860 757 863 864 865 866 867 762 873 874 875 876 877 767 883 884 885 886 887 771 892 893 894 895 896 775 901 902 903 904 905 776 907 908 909 910 911 777 913 914 915 916 917 778 919 920 921 922 923 779 925 926 927 928 929 780 931 932 933 934 935 781 937 938 939 940 941 751 832 833 834 835 836 752 838 839 840 841 842 753 844 845 846 847 848 754 850 851 852 853 854 755 856 857 858 859 860 757 863 864 865 866 867 762 873 874 875 876 877 767 883 884 885 886 887 771 892 893 894 895 896 775 901 902 903 904 905 776 907 908 909 910 911 777 913 914 915 916 917 778 919 920 921 922 923 779 925 926 927 928 929 780 931 932 933 934 935 781 937 938 939 940 941 751 752 753 754 755 757 762 767 771 775 776 777 778 779 780 781 751 752 753 754 755 757 762 767 771 775 776 777 778 779 780 781 751 752 753 754 755 757 762 767 771 775 776 777 778 779 780 781 
270 2560 1024 3072 512 
271 2048 512 2560 0 721 722 723 722 725 726 724 729 730 726 733 734 728 737 738 731 742 743 734 747 748 737 752 753 740 757 758 744 763 764 765 766 767 768 769 770 771 772 773 774 775 776 777 778 779 780 781 782 783 784 785 786 787 788 789 790 791 792 793 794 745 796 797 798 799 800 746 802 803 804 805 806 747 808 809 810 811 812 748 814 815 816 817 818 749 820 821 822 823 824 750 826 827 828 829 830 721 722 723 722 725 726 724 729 730 726 733 734 728 737 738 731 742 743 734 747 748 737 752 753 740 757 758 744 763 764 765 766 767 768 769 770 771 772 773 774 775 776 777 778 779 780 781 782 783 784 785 786 787 788 789 790 791 792 793 794 745 796 797 798 799 800 746 802 803 804 805 806 747 808 809 810 811 812 748 814 815 816 817 818 749 820 821 822 823 824 750 826 827 828 829 830 721 722 723 722 725 726 724 729 730 726 733 734 728 737 738 731 742 743 734 747 748 737 752 753 740 757 758 744 763 764 765 766 767 768 769 770 771 772 773 774 775 776 777 778 779 780 781 782 783 784 785 786 787 788 789 790 791 792 793 794 745 796 797 798 799 800 746 802 803 804 805 806 747 808 809 810 811 812 748 814 815 816 817 818 749 820 821 822 823 824 750 826 827 828 829 830 721 722 723 722 725 726 724 729 730 726 733 734 728 737 738 731 742 743 734 747 748 737 752 753 740 757 758 744 763 764 765 766 767 768 769 770 771 772 773 774 775 776 777 778 779 780 781 782 783 784 785 786 787 788 789 790 791 792 793 794 745 796 797 798 799 800 746 802 803 804 805 806 747 808 809 810 811 812 748 814 815 816 817 818 749 820 821 822 823 824 750 826 827 828 829 830 721 722 724 726 728 731 734 737 740 744 745 746 747 748 749 750 721 722 724 726 728 731 734 737 740 744 745 746 747 748 749 750 721 722 724 726 728 731 734 737 740 744 745 746 747 748 749 750 
272 2560 512 3072 0 
68 3072 1024 4096 0 
4 4096 4096 8192 0 
17 4096 4096 6144 2048 
69 4096 4096 5120 3072 
70 5120 4096 6144 3072 
71 4096 3072 5120 2048 
285 4096 3072 4608 2560 
286 4608 3072 5120 2560 
287 4096 2560 4608 2048 456 457 458 459 460 469 470 471 472 473 489 490 491 492 493 494 495 496 497 498 499 500 501 502 503 540 551 552 553 554 555 602 603 604 605 606 650 456 457 458 459 460 469 470 471 472 473 489 490 491 492 493 494 495 496 497 498 499 500 501 502 503 540 551 552 553 554 555 602 603 604 605 606 650 456 457 458 459 460 469 470 471 472 473 489 490 491 492 493 494 495 496 497 498 499 500 501 502 503 540 551 552 553 554 555 602 603 604 605 606 650 456 457 458 459 460 469 470 471 472 473 489 490 491 492 493 494 495 496 497 498 499 500 501 502 503 540 551 552 553 554 555 602 603 604 605 606 650 456 457 458 459 460 469 470 471 472 473 489 490 491 492 493 494 495 496 497 498 499 500 501 502 503 540 551 552 553 554 555 602 603 604 605 606 650 456 457 458 459 460 469 470 471 472 473 489 490 491 492 493 494 495 496 497 498 499 500 501 502 503 540 551 552 553 554 555 602 603 604 605 606 650 456 457 458 459 460 469 470 471 472 473 489 490 491 492 493 494 495 496 497 498 499 500 501 502 503 540 551 552 553 554 555 602 603 604 605 606 650 
288 4608 2560 5120 2048 504 505 506 507 508 509 510 511 512 513 514 515 516 517 518 519 607 608 609 610 611 612 613 614 615 616 617 618 619 620 621 622 504 505 506 507 508 509 510 511 512 513 514 515 516 517 518 519 607 608 609 610 611 612 613 614 615 616 617 618 619 620 621 622 504 505 506 507 508 509 510 511 512 513 514 515 516 517 518 519 607 608 609 610 611 612 613 614 615 616 617 618 619 620 621 622 504 505 506 507 508 509 510 511 512 513 514 515 516 517 518 519 607 608 609 610 611 612 613 614 615 616 617 618 619 620 621 622 504 505 506 507 508 509 510 511 512 513 514 515 516 517 518 519 607 608 609 610 611 612 613 614 615 616 617 618 619 620 621 622 504 505 506 507 508 509 510 511 512 513 514 515 516 517 518 519 607 608 609 610 611 612 613 614 615 616 617 618 619 620 621 622 504 505 506 507 508 509 510 511 512 513 514 515 516 517 518 519 607 608 609 610 611 612 613 614 615 616 617 618 619 620 621 622 
72 5120 3072 6144 2048 
289 5120 3072 5632 2560 
290 5632 3072 6144 2560 
291 5120 2560 5632 2048 520 521 522 523 524 525 526 527 528 529 530 531 532 533 534 535 623 624 625 626 627 628 629 630 631 632 633 634 635 636 637 638 649 520 521 522 523 524 525 526 527 528 529 530 531 532 533 534 535 623 624 625 626 627 628 629 630 631 632 633 634 635 636 637 638 649 520 521 522 523 524 525 526 527 528 529 530 531 532 533 534 535 623 624 625 626 627 628 629 630 631 632 633 634 635 636 637 638 649 520 521 522 523 524 525 526 527 528 529 530 531 532 533 534 535 623 624 625 626 627 628 629 630 631 632 633 634 635 636 637 638 649 520 521 522 523 524 525 526 527 528 529 530 531 532 533 534 535 623 624 625 626 627 628 629 630 631 632 633 634 635 636 637 638 649 520 521 522 523 524 525 526 527 528 529 530 531 532 533 534 535 623 624 625 626 627 628 629 630 631 632 633 634 635 636 637 638 649 520 521 522 523 524 525 526 527 528 529 530 531 532 533 534 535 623 624 625 626 627 628 629 630 631 632 633 634 635 636 637 638 649 
292 5632 2560 6144 2048 536 537 538 539 541 542 556 557 558 559 560 561 562 563 564 565 566 567 586 587 588 589 590 591 596 597 598 599 600 601 639 640 536 537 538 539 541 542 556 557 558 559 560 561 562 563 564 565 566 567 586 587 588 589 590 591 596 597 598 599 600 601 639 640 536 537 538 539 541 542 556 557 558 559 560 561 562 563 564 565 566 567 586 587 588 589 590 591 596 597 598 599 600 601 639 640 536 537 538 539 541 542 556 557 558 559 560 561 562 563 564 565 566 567 586 587 588 589 590 591 596 597 598 599 600 601 639 640 536 537 538 539 541 542 556 557 558 559 560 561 562 563 564 565 566 567 586 587 588 589 590 591 596 597 598 599 600 601 639 640 536 537 538 539 541 542 556 557 558 559 560 561 562 563 564 565 566 567 586 587 588 589 590 591 596 597 598 599 600 601 639 640 536 537 538 539 541 542 556 557 558 559 560 561 562 563 564 565 566 567 586 587 588 589 590 591 596 597 598 599 600 601 639 640 
18 6144 4096 8192 2048 
73 6144 4096 7168 3072 
74 7168 4096 8192 3072 
75 6144 3072 7168 2048 
301 6144 3072 6656 2560 
302 6656 3072 7168 2560 
303 6144 2560 6656 2048 568 569 570 571 572 573 574 575 576 577 578 579 580 581 582 583 584 585 592 593 594 595 641 568 569 570 571 572 573 574 575 576 577 578 579 580 581 582 583 584 585 592 593 594 595 641 568 569 570 571 572 573 574 575 576 577 578 579 580 581 582 583 584 585 592 593 594 595 641 568 569 570 571 572 573 574 575 576 577 578 579 580 581 582 583 584 585 592 593 594 595 641 568 569 570 571 572 573 574 575 576 577 578 579 580 581 582 583 584 585 592 593 594 595 641 568 569 570 571 572 573 574 575 576 577 578 579 580 581 582 583 584 585 592 593 594 595 641 568 569 570 571 572 573 574 575 576 577 578 579 580 581 582 583 584 585 592 593 594 595 641 
304 6656 2560 7168 2048 
76 7168 3072 8192 2048 
19 4096 2048 6144 0 
20 6144 2048 8192 0 
<End>