6400 4800
1 _LAND1 0 32 
2 _LAND1 64 32 
3 _LAND1 128 32 
4 _LAND1 192 32 
5 _LAND1 256 32 
6 _LAND1 320 32 
7 _LAND1 384 32 
8 _LAND1 448 32 
9 _LAND1 512 32 
10 _LAND1 576 32 
11 _LAND1 640 32 
12 _LAND1 704 32 
13 _LAND1 768 32 
14 _LAND1 832 32 
15 _LAND1 896 32 
16 _LAND1 960 32 
17 _LAND1 1024 32 
18 _LAND1 1088 32 
19 _LAND1 1152 32 
20 _LAND1 1216 32 
21 _LAND1 1280 32 
22 _LAND1 1408 32 
23 _LAND1 1472 32 
24 _LAND1 1536 32 
25 _LAND1 1600 32 
26 _LAND1 1664 32 
27 _LAND1 1728 32 
28 _LAND1 1792 32 
29 _LAND1 0 64 
30 _LAND1 64 64 
31 _LAND1 128 64 
32 _LAND1 192 64 
33 _LAND1 256 64 
34 _LAND1 320 64 
35 _LAND1 384 64 
36 _LAND1 448 64 
37 _LAND1 512 64 
38 _LAND1 576 64 
39 _LAND1 640 64 
40 _LAND1 704 64 
41 _LAND1 768 64 
42 _LAND1 832 64 
43 _LAND1 896 64 
44 _LAND1 960 64 
45 _LAND1 1024 64 
46 _LAND1 1088 64 
47 _LAND1 1152 64 
48 _LAND1 1216 64 
49 _LAND1 1280 64 
50 _LAND1 1408 64 
51 _LAND1 1472 64 
52 _LAND1 1536 64 
53 _LAND1 1600 64 
54 _LAND1 1664 64 
55 _LAND1 1728 64 
56 _LAND1 1792 64 
57 LAND1 0 96 
58 LAND1 32 96 
59 LAND1 64 96 
60 LAND1 96 96 
61 LAND1 128 96 
62 LAND1 160 96 
63 LAND1 192 96 
64 LAND1 224 96 
65 LAND1 256 96 
66 LAND1 288 96 
67 LAND1 320 96 
68 LAND1 352 96 
69 LAND1 384 96 
70 LAND1 416 96 
71 LAND1 448 96 
72 LAND1 480 96 
73 LAND1 512 96 
74 LAND1 544 96 
75 LAND1 576 96 
76 LAND1 608 96 
77 LAND1 640 96 
78 LAND1 672 96 
79 LAND1 704 96 
80 LAND1 736 96 
81 LAND1 768 96 
82 LAND1 800 96 
83 LAND1 832 96 
84 LAND1 864 96 
85 LAND1 896 96 
86 LAND1 928 96 
87 LAND1 960 96 
88 LAND1 992 96 
89 LAND1 1024 96 
90 LAND1 1056 96 
91 LAND1 1088 96 
92 LAND1 1120 96 
93 LAND1 0 288 
94 LAND1 32 288 
95 LAND1 64 288 
96 LAND1 96 288 
97 LAND1 128 288 
98 LAND1 192 288 
99 LAND1 224 288 
100 LAND1 256 288 
101 LAND1 288 288 
102 LAND1 352 288 
103 LAND1 704 288 
104 LAND1 736 288 
105 LAND1 768 288 
106 LAND1 800 288 
107 LAND1 864 288 
108 LAND3 257 160 
109 LAND3 768 353 
110 LAND3 769 161 
111 LAND1 1536 96 
112 LAND1 1568 96 
113 LAND1 1600 96 
114 LAND1 1632 96 
115 LAND1 1664 96 
116 LAND1 1696 96 
117 LAND1 1728 96 
118 LAND1 1760 96 
119 LAND1 1792 96 
120 LAND1 1824 96 
121 LAND1 960 288 
122 LAND1 992 288 
123 LAND1 1216 224 
124 LAND1 1248 224 
125 LAND1 1280 224 
126 LAND1 1312 224 
127 LAND1 1408 192 
128 LAND1 1440 192 
129 LAND1 1728 192 
130 LAND1 1760 192 
131 LAND1 1472 128 
132 LAND1 1504 128 
133 _LAND1 1152 96 
134 _LAND1 1216 96 
135 _LAND1 1280 96 
136 _LAND1 1408 96 
137 _LAND1 1472 96 
138 _LAND1 1216 128 
139 _LAND1 1280 128 
140 _LAND1 1408 128 
141 _LAND1 1280 160 
142 _LAND1 1280 192 
143 _LAND1 1408 160 
144 LAND1 1792 192 
145 _LAND1 1856 32 
146 _LAND1 1920 32 
147 _LAND1 1984 32 
148 _LAND1 1856 64 
149 _LAND1 1920 64 
150 _LAND1 1984 64 
151 LAND1 1856 96 
152 _LAND1 1888 96 
153 _LAND1 1952 96 
154 LAND1 1888 160 
155 _LAND1 1888 128 
156 _LAND1 1952 128 
157 _LAND1 1920 160 
158 LAND1 1824 352 
159 LAND1 1856 352 
160 LAND1 1888 352 
161 LAND1 1920 352 
162 LAND1 1952 352 
163 LAND1 1984 352 
164 LAND1 1568 544 
165 LAND1 1600 544 
166 LAND1 1632 544 
167 LAND1 1664 544 
168 LAND1 1696 544 
169 LAND1 1728 544 
170 LAND1 1760 544 
171 LAND1 1792 544 
172 LAND1 1824 544 
173 LAND1 1856 544 
174 LAND1 1760 736 
175 LAND1 1792 736 
176 LAND1 1824 800 
177 LAND1 1856 800 
178 LAND1 1888 864 
179 LAND1 1920 864 
180 LAND1 1952 864 
181 LAND1 1984 864 
182 LAND1 1856 1024 
183 LAND1 1888 1024 
184 LAND1 1920 1024 
185 LAND1 1664 1088 
186 LAND1 1696 1088 
187 LAND1 1729 1023 
188 LAND1 1952 1344 
189 LAND1 1984 1344 
190 LAND1 1888 1280 
191 LAND1 1920 1280 
192 LAND1 1856 1504 
193 LAND1 1888 1504 
194 LAND1 1920 1504 
195 LAND1 1664 1504 
196 LAND1 1696 1504 
197 LAND1 1728 1504 
198 LAND1 1760 1504 
199 LAND1 1728 1664 
200 LAND1 1760 1664 
201 LAND1 1792 1664 
202 LAND1 1824 1664 
203 LAND1 1856 1664 
204 LAND1 1888 1664 
205 LAND1 1920 1664 
206 LAND1 1664 1760 
207 LAND1 1696 1760 
208 LAND1 1728 1760 
209 LAND1 1760 1760 
210 LAND1 1792 1760 
211 LAND1 1696 1984 
212 LAND1 1728 1984 
213 LAND1 1760 1984 
214 LAND1 1792 1984 
215 LAND1 1824 1984 
216 LAND1 1856 1984 
217 LAND1 1888 1984 
218 LAND1 1920 1984 
219 LAND1 1952 2016 
220 LAND1 1984 2016 
221 LAND1 2016 2016 
222 LAND1 2048 2016 
223 LAND1 2080 2016 
224 LAND1 2112 2016 
225 LAND1 2144 2016 
226 LAND1 2176 2080 
227 LAND1 2208 2080 
228 LAND1 2240 2144 
229 LAND1 2272 2144 
230 LAND1 2304 2144 
231 LAND1 2336 2144 
232 LAND1 2048 2176 
233 LAND1 2080 2176 
234 LAND1 2432 2112 
235 LAND1 2464 2112 
236 LAND1 2560 2016 
237 LAND1 2592 2016 
238 LAND1 2624 2016 
239 LAND1 2656 2016 
240 LAND1 2688 2016 
241 LAND1 2720 2016 
242 LAND1 2752 2016 
243 LAND1 2784 2016 
244 LAND1 2816 2016 
245 LAND1 2848 2016 
246 LAND1 2880 2080 
247 LAND1 2720 2112 
248 LAND1 2752 2112 
249 LAND1 2784 2112 
250 LAND1 2720 2272 
251 LAND1 2816 2272 
252 LAND1 2848 2272 
253 LAND1 2880 2272 
254 LAND1 2912 2272 
255 LAND1 2592 2496 
256 LAND1 2624 2496 
257 LAND1 2656 2496 
258 LAND1 2688 2496 
259 LAND1 2720 2496 
260 LAND1 2752 2496 
261 LAND1 2784 2496 
262 LAND1 2816 2496 
263 LAND1 2848 2496 
264 LAND1 2560 2496 
265 LAND1 2560 2656 
266 LAND1 2592 2656 
267 LAND1 2880 2656 
268 LAND1 2912 2656 
269 LAND1 2752 2688 
270 LAND1 2784 2688 
271 LAND1 2880 2752 
272 LAND1 2912 2752 
273 LAND1 2560 2752 
274 LAND1 2592 2752 
275 LAND1 2720 2944 
276 LAND1 2752 2944 
277 LAND1 2784 2944 
278 LAND1 2816 2944 
279 LAND1 2848 2944 
280 LAND1 2689 2944 
281 LAND1 2752 3040 
282 LAND1 2784 3040 
283 LAND1 2560 3040 
284 LAND1 2592 3040 
285 LAND1 2624 3040 
286 LAND1 2656 3040 
287 LAND3 2561 3105 
288 LAND1 2816 3104 
289 LAND1 2848 3104 
290 LAND1 2561 3424 
291 LAND1 2880 3168 
292 LAND1 2912 3168 
293 LAND1 2593 3424 
294 LAND1 2688 3520 
295 LAND1 2720 3520 
296 LAND1 2752 3520 
297 LAND1 2784 3520 
298 LAND1 2816 3520 
299 LAND1 2848 3520 
300 LAND1 2624 3520 
301 LAND1 2656 3520 
302 LAND1 2560 3648 
303 LAND1 2912 3648 
304 LAND1 2624 3904 
305 LAND1 2656 3904 
306 LAND1 2688 3904 
307 LAND1 2720 3904 
308 LAND1 2752 3904 
309 LAND1 2784 3904 
310 LAND1 2816 3904 
311 LAND1 2848 3904 
312 LAND1 2880 3904 
313 LAND1 2593 3648 
314 LAND1 2561 3904 
315 LAND1 2881 3648 
316 LAND1 2912 3904 
317 LAND1 2944 3936 
318 LAND1 3008 4000 
319 LAND1 3040 4000 
320 LAND1 3072 4064 
321 LAND1 3104 4064 
322 LAND1 3136 4064 
323 LAND1 3168 4064 
324 LAND1 3200 4128 
325 LAND1 3232 4128 
326 LAND1 3264 4128 
327 LAND1 3296 4128 
328 LAND1 3328 4128 
329 LAND1 3360 4128 
330 LAND1 3392 4128 
331 LAND1 3424 4128 
332 LAND1 3456 4128 
333 LAND1 3488 4128 
334 LAND1 3520 4064 
335 LAND1 3552 4064 
336 LAND1 3584 4064 
337 LAND1 3616 4064 
338 LAND1 3680 4064 
339 LAND1 3712 4064 
340 LAND1 3744 4064 
341 LAND1 3776 4064 
342 LAND1 3808 4064 
343 LAND1 3584 3936 
344 LAND1 3616 3936 
345 LAND1 3648 3936 
346 LAND1 3680 3936 
347 LAND1 3712 3936 
348 LAND1 3744 3936 
349 LAND1 3776 3936 
350 LAND1 3808 3936 
351 LAND1 3840 3936 
352 LAND1 3872 3936 
353 LAND1 3936 3935 
354 LAND1 3776 3744 
355 LAND1 3808 3744 
356 LAND1 3840 3744 
357 LAND1 3872 3744 
358 LAND1 3904 3744 
359 LAND1 3936 3744 
360 LAND1 3713 3743 
361 LAND1 3969 3744 
362 LAND1 3872 3552 
363 LAND1 3904 3552 
364 LAND1 3744 3552 
365 LAND1 3776 3552 
366 LAND1 3616 3424 
367 LAND1 3648 3424 
368 LAND1 3680 3424 
369 LAND1 3712 3424 
370 LAND1 3777 3424 
371 LAND1 3776 3040 
372 LAND1 3808 3040 
373 LAND1 3968 3040 
374 LAND1 4000 3040 
375 LAND1 3968 3200 
376 LAND1 4000 3200 
377 LAND1 3648 2912 
378 LAND1 3680 2912 
379 LAND1 3712 2912 
380 LAND1 3744 2912 
381 LAND1 3776 2912 
382 LAND1 3808 2880 
383 LAND1 3840 2880 
384 LAND1 3872 2880 
385 LAND1 3904 2880 
386 LAND1 3936 2880 
387 LAND1 3968 2880 
388 LAND1 4000 2880 
389 LAND1 4032 2880 
390 _LAND1 1664 1056 
391 _LAND1 1664 1024 
392 _LAND1 1953 1280 
393 _LAND1 1953 1313 
394 LAND3 2687 3587 
395 LAND1 1055 242 
396 LAND1 1087 242 
397 LAND1 1185 130 
398 LAND1 1152 130 
399 LAND3 320 160 
400 LAND3 320 224 
401 LAND3 832 160 
402 LAND3 832 224 
403 LADDER6 159 287 
404 LADDER2 321 287 
405 LADDER6 673 288 
406 LAND1 448 288 
407 LAND1 480 288 
408 LAND1 512 288 
409 LAND1 544 288 
410 LAND1 576 288 
411 LAND1 608 288 
412 LAND1 640 288 
413 LADDER6 1696 351 
414 LAND1 1664 352 
415 LADDER6 1631 737 
416 LADDER6 1856 1218 
417 LADDER6 1665 1280 
418 LADDER5 1697 1665 
419 LADDER6 2687 2272 
420 LADDER6 2593 3904 
421 LADDER2 3745 3744 
422 LAND1 3650 4064 
423 MOVEMAP 1632 629 
424 MOVEMAP 1857 1186 
425 MOVEMAP 1666 1191 
426 LADDER4 2625 3649 
427 LADDER7 1663 1983 
428 MOVEMAP 1696 1689 
429 MOVEMAP 2687 2265 
430 LADDER2 832 287 
431 LAND1 1825 1219 
432 LAND1 1664 1666 
433 MOVEMAP 2562 3351 
434 MOVEMAP 2592 3924 
435 MOVEMAP 3746 3366 
436 MOVEMAP 3903 3901 
437 LADDER6 3904 3935 
438 _LAND1 1216 192 
439 LAND2 1248 160 
440 LAND5 1216 160 
441 LAND1 1729 352 
442 LADDER6 3745 3424 
443 LAND1 3744 3231 
444 LAND1 3776 3231 
445 LADDER6 3616 2912 
446 LAND1 3615 2721 
447 LAND1 3648 2721 
448 MOVEMAP 3687 2700 
449 _LAND1 3616 2144 
450 _LAND1 3680 2144 
451 _LAND1 3744 2144 
452 _LAND1 3808 2144 
453 _LAND1 3872 2144 
454 _LAND1 3936 2144 
455 _LAND1 4000 2144 
456 _LAND1 4064 2144 
457 _LAND1 4128 2144 
458 _LAND1 4192 2144 
459 _LAND1 4256 2144 
460 _LAND1 4320 2144 
461 _LAND1 4384 2144 
462 _LAND1 3616 2176 
463 _LAND1 3680 2176 
464 _LAND1 3744 2176 
465 _LAND1 3808 2176 
466 _LAND1 3872 2176 
467 _LAND1 3936 2176 
468 _LAND1 4000 2176 
469 _LAND1 4064 2176 
470 _LAND1 4128 2176 
471 _LAND1 4192 2176 
472 _LAND1 4256 2176 
473 _LAND1 4320 2176 
474 _LAND1 4384 2176 
475 LAND3 3616 2305 
476 LAND3 3679 2241 
477 LAND3 3680 2304 
478 LAND3 3743 2240 
479 _LAND1 3616 2239 
480 _LAND1 3616 2207 
481 LAND1 3808 2208 
482 LAND1 3840 2208 
483 LAND1 3872 2208 
484 LAND1 3904 2208 
485 LAND1 3936 2208 
486 LAND1 3968 2208 
487 LAND1 4000 2208 
488 LAND1 4032 2208 
489 LAND1 4064 2208 
490 LAND1 4096 2208 
491 LAND1 4128 2208 
492 LAND1 4160 2208 
493 LAND1 4192 2208 
494 LAND1 4224 2208 
495 LAND1 4256 2208 
496 LAND1 4288 2208 
497 LAND1 4320 2208 
498 LAND1 4352 2208 
499 LAND1 4384 2208 
500 LAND1 4416 2208 
501 LAND1 4480 2240 
502 LAND1 4512 2240 
503 LAND1 4544 2240 
504 LAND1 4576 2240 
505 LAND1 4608 2240 
506 LAND1 4640 2240 
507 LAND1 4672 2240 
508 LAND1 4704 2240 
509 LAND1 4736 2240 
510 LAND1 4768 2240 
511 LAND1 4800 2240 
512 LAND1 4832 2240 
513 LAND1 4864 2240 
514 LAND1 4896 2240 
515 LAND1 4928 2240 
516 LAND1 4960 2240 
517 LAND1 4992 2240 
518 LAND1 5024 2240 
519 LAND1 5056 2240 
520 LAND1 5088 2240 
521 LAND1 5120 2240 
522 LAND1 5152 2240 
523 LAND1 5184 2240 
524 LAND1 5216 2240 
525 LAND1 5248 2240 
526 LAND1 5280 2240 
527 LAND1 5312 2240 
528 LAND1 5344 2240 
529 LAND1 5376 2240 
530 LAND1 5408 2240 
531 LAND1 5440 2240 
532 LAND1 5472 2240 
533 LAND1 5504 2240 
534 LAND1 5536 2240 
535 LAND1 5568 2240 
536 LAND1 5600 2240 
537 LAND1 5632 2240 
538 LAND1 5664 2240 
539 LAND1 5696 2240 
540 LAND1 5728 2240 
541 LAND1 4448 2240 
542 LAND3 5761 2240 
543 LAND3 5825 2239 
544 _LAND1 3616 2112 
545 _LAND1 3680 2112 
546 _LAND1 3744 2112 
547 _LAND1 3808 2112 
548 _LAND1 3872 2112 
549 _LAND1 3936 2112 
550 _LAND1 4000 2112 
551 _LAND1 4064 2112 
552 _LAND1 4128 2112 
553 _LAND1 4192 2112 
554 _LAND1 4256 2112 
555 _LAND1 4320 2112 
556 _LAND1 4384 2112 
557 LAND1 5760 2176 
558 LAND1 5792 2176 
559 LAND1 5824 2176 
560 LAND1 5856 2176 
561 LAND1 5888 2176 
562 LAND1 5920 2176 
563 LAND1 5952 2176 
564 LAND1 5984 2176 
565 LAND1 6016 2176 
566 LAND1 6048 2176 
567 LAND1 6080 2176 
568 LAND1 6112 2176 
569 LAND1 6144 2176 
570 LAND1 6176 2176 
571 LAND1 6208 2176 
572 LAND1 6240 2176 
573 LAND1 6272 2176 
574 LAND1 6304 2176 
575 LAND1 6336 2176 
576 LAND2 6368 2176 
577 LAND5 6368 2208 
578 LAND2 6368 2240 
579 LAND5 6368 2272 
580 LAND2 6368 2304 
581 LAND5 6368 2336 
582 LAND2 6368 2368 
583 LAND5 6368 2400 
584 LAND2 6368 2432 
585 LAND5 6368 2464 
586 LAND2 6369 2497 
587 _LAND1 5760 2528 
588 _LAND1 5824 2528 
589 _LAND1 5888 2528 
590 _LAND1 5952 2528 
591 _LAND1 6016 2528 
592 _LAND1 6080 2528 
593 _LAND1 6144 2528 
594 _LAND1 6208 2528 
595 _LAND1 6272 2528 
596 _LAND1 6336 2528 
597 _LAND1 5696 2432 
598 _LAND1 5696 2464 
599 _LAND1 5696 2496 
600 _LAND1 5696 2528 
601 LAND2 5696 2400 
602 LAND5 5728 2400 
603 LAND1 4448 2400 
604 LAND1 4480 2400 
605 LAND1 4512 2400 
606 LAND1 4544 2400 
607 LAND1 4576 2400 
608 LAND1 4608 2400 
609 LAND1 4640 2400 
610 LAND1 4672 2400 
611 LAND1 4704 2400 
612 LAND1 4736 2400 
613 LAND1 4768 2400 
614 LAND1 4800 2400 
615 LAND1 4832 2400 
616 LAND1 4864 2400 
617 LAND1 4896 2400 
618 LAND1 4928 2400 
619 LAND1 4960 2400 
620 LAND1 4992 2400 
621 LAND1 5024 2400 
622 LAND1 5056 2400 
623 LAND1 5088 2400 
624 LAND1 5120 2400 
625 LAND1 5152 2400 
626 LAND1 5184 2400 
627 LAND1 5216 2400 
628 LAND1 5248 2400 
629 LAND1 5280 2400 
630 LAND1 5312 2400 
631 LAND1 5344 2400 
632 LAND1 5376 2400 
633 LAND1 5408 2400 
634 LAND1 5440 2400 
635 LAND1 5472 2400 
636 LAND1 5504 2400 
637 LAND1 5536 2400 
638 LAND1 5568 2400 
639 LAND1 5600 2400 
640 LAND1 5632 2400 
641 LAND1 5664 2400 
642 CUTMAN 6302 2262 
643 BEAK_R 1732 1588 
644 FLEA 2267 2193 
645 OCTOPUS_D 2755 2075 
646 BEAK 2848 3167 
647 BLADER 3043 4210 
648 SCREW_BOMBER 3899 3588 
649 SCREW_BOMBER 3984 3075 
650 SCREW_BOMBER 5152 2278 
651 BIGEYE 4254 2333 
652 BLADER 2325 2259 
653 BLADER 866 428 
654 BEAK_R 1699 1134 
655 LAND4 1568 512 
656 LAND4 1632 512 
657 LAND4 1696 512 
658 LAND4 1760 512 
659 LAND4 1824 512 
660 LAND2 1664 192 
661 LAND5 1664 224 
662 LAND2 1664 256 
663 LAND5 1664 288 
664 LAND2 1664 320 
665 LAND5 1728 320 
666 LAND2 1920 192 
667 LAND5 1920 224 
668 LAND2 1920 256 
669 LAND5 1920 288 
670 LAND4 1824 320 
671 LAND5 2016 352 
672 LAND2 2016 512 
673 LAND5 2016 544 
674 LAND2 2016 576 
675 LAND5 2016 608 
676 LAND2 2016 640 
677 LAND5 2016 672 
678 LAND2 2016 864 
679 LAND5 2016 896 
680 LAND2 2016 928 
681 LAND5 2016 960 
682 LAND2 2016 992 
683 LAND5 2016 1024 
684 LAND2 2016 1056 
685 LAND5 2016 1088 
686 LAND2 2016 1120 
687 LAND5 2016 1152 
688 LAND2 2016 1184 
689 LAND5 2016 1216 
690 LAND2 2016 1248 
691 LAND5 2016 1280 
692 LAND2 2016 1312 
693 LAND5 2016 1344 
694 LAND2 2016 1376 
695 LAND5 2016 1408 
696 LAND2 2016 1440 
697 LAND5 2016 1472 
698 LAND2 2016 1504 
699 LAND5 2016 1536 
700 LAND2 2016 1568 
701 LAND2 1664 704 
702 LAND5 1664 736 
703 LAND4 1696 1952 
704 LAND2 1760 1920 
705 LAND4 1792 1888 
706 _LAND1 1856 1888 
707 LAND2 1856 1856 
708 LAND5 1888 1824 
709 LAND4 1664 1472 
710 LAND4 1728 1472 
711 LAND4 1760 704 
712 LAND4 1824 704 
713 LAND4 1888 704 
714 LAND4 1952 704 
715 LAND5 1696 1248 
716 LAND2 1696 1280 
717 LAND4 1856 1472 
718 LAND2 1728 992 
719 _LAND1 1664 992 
720 LAND4 1856 992 
721 LAND2 1824 1184 
722 _LAND1 2048 32 
723 _LAND1 2112 32 
724 _LAND1 2176 32 
725 _LAND1 2048 64 
726 _LAND1 2112 64 
727 _LAND1 2176 64 
728 _LAND1 2016 96 
729 _LAND1 2080 96 
730 _LAND1 2144 96 
731 _LAND1 2208 96 
732 _LAND1 2016 128 
733 _LAND1 2080 128 
734 _LAND1 2144 128 
735 _LAND1 2208 128 
736 _LAND1 1984 160 
737 _LAND1 2048 160 
738 _LAND1 2112 160 
739 _LAND1 2176 160 
740 _LAND1 1952 192 
741 _LAND1 2016 192 
742 _LAND1 2080 192 
743 _LAND1 2144 192 
744 _LAND1 2208 192 
745 _LAND1 1952 224 
746 _LAND1 2016 224 
747 _LAND1 2080 224 
748 _LAND1 2144 224 
749 _LAND1 2208 224 
750 _LAND1 1952 256 
751 _LAND1 2016 256 
752 _LAND1 2080 256 
753 _LAND1 2144 256 
754 _LAND1 2208 256 
755 _LAND1 1952 288 
756 _LAND1 2016 288 
757 _LAND1 2080 288 
758 _LAND1 2144 288 
759 _LAND1 2208 288 
760 _LAND1 1888 320 
761 _LAND1 1952 320 
762 _LAND1 2016 320 
763 _LAND1 2080 320 
764 _LAND1 2144 320 
765 _LAND1 2208 320 
766 _LAND1 2240 32 
767 _LAND1 2304 32 
768 _LAND1 2368 32 
769 _LAND1 2240 64 
770 _LAND1 2304 64 
771 _LAND1 2368 64 
772 _LAND1 2272 96 
773 _LAND1 2336 96 
774 _LAND1 2400 96 
775 _LAND1 2272 128 
776 _LAND1 2336 128 
777 _LAND1 2400 128 
778 _LAND1 2240 160 
779 _LAND1 2304 160 
780 _LAND1 2368 160 
781 _LAND1 2272 192 
782 _LAND1 2336 192 
783 _LAND1 2400 192 
784 _LAND1 2272 224 
785 _LAND1 2336 224 
786 _LAND1 2400 224 
787 _LAND1 2272 256 
788 _LAND1 2336 256 
789 _LAND1 2400 256 
790 _LAND1 2272 288 
791 _LAND1 2336 288 
792 _LAND1 2400 288 
793 _LAND1 2272 320 
794 _LAND1 2336 320 
795 _LAND1 2400 320 
796 _LAND1 2048 352 
797 _LAND1 2112 352 
798 _LAND1 2176 352 
799 _LAND1 2240 352 
800 _LAND1 2304 352 
801 _LAND1 2368 352 
802 _LAND1 2048 384 
803 _LAND1 2112 384 
804 _LAND1 2176 384 
805 _LAND1 2240 384 
806 _LAND1 2304 384 
807 _LAND1 2368 384 
808 _LAND1 2048 416 
809 _LAND1 2112 416 
810 _LAND1 2176 416 
811 _LAND1 2240 416 
812 _LAND1 2304 416 
813 _LAND1 2368 416 
814 _LAND1 2048 448 
815 _LAND1 2112 448 
816 _LAND1 2176 448 
817 _LAND1 2240 448 
818 _LAND1 2304 448 
819 _LAND1 2368 448 
820 _LAND1 2048 480 
821 _LAND1 2112 480 
822 _LAND1 2176 480 
823 _LAND1 2240 480 
824 _LAND1 2304 480 
825 _LAND1 2368 480 
826 _LAND1 2048 512 
827 _LAND1 2112 512 
828 _LAND1 2176 512 
829 _LAND1 2240 512 
830 _LAND1 2304 512 
831 _LAND1 2368 512 
832 _LAND1 2048 544 
833 _LAND1 2112 544 
834 _LAND1 2176 544 
835 _LAND1 2240 544 
836 _LAND1 2304 544 
837 _LAND1 2368 544 
838 _LAND1 2048 576 
839 _LAND1 2112 576 
840 _LAND1 2176 576 
841 _LAND1 2240 576 
842 _LAND1 2304 576 
843 _LAND1 2368 576 
844 _LAND1 2048 608 
845 _LAND1 2112 608 
846 _LAND1 2176 608 
847 _LAND1 2240 608 
848 _LAND1 2304 608 
849 _LAND1 2368 608 
850 _LAND1 2048 640 
851 _LAND1 2112 640 
852 _LAND1 2176 640 
853 _LAND1 2240 640 
854 _LAND1 2304 640 
855 _LAND1 2368 640 
856 _LAND1 2048 672 
857 _LAND1 2112 672 
858 _LAND1 2176 672 
859 _LAND1 2240 672 
860 _LAND1 2304 672 
861 _LAND1 2368 672 
862 _LAND1 2016 704 
863 _LAND1 2080 704 
864 _LAND1 2144 704 
865 _LAND1 2208 704 
866 _LAND1 2272 704 
867 _LAND1 2336 704 
868 _LAND1 2400 704 
869 _LAND1 1824 736 
870 _LAND1 1888 736 
871 _LAND1 1952 736 
872 _LAND1 2016 736 
873 _LAND1 2080 736 
874 _LAND1 2144 736 
875 _LAND1 2208 736 
876 _LAND1 2272 736 
877 _LAND1 2336 736 
878 _LAND1 2400 736 
879 _LAND1 1824 768 
880 _LAND1 1888 768 
881 _LAND1 1952 768 
882 _LAND1 2016 768 
883 _LAND1 2080 768 
884 _LAND1 2144 768 
885 _LAND1 2208 768 
886 _LAND1 2272 768 
887 _LAND1 2336 768 
888 _LAND1 2400 768 
889 _LAND1 1888 800 
890 _LAND1 1952 800 
891 _LAND1 2016 800 
892 _LAND1 2080 800 
893 _LAND1 2144 800 
894 _LAND1 2208 800 
895 _LAND1 2272 800 
896 _LAND1 2336 800 
897 _LAND1 2400 800 
898 _LAND1 1888 832 
899 _LAND1 1952 832 
900 _LAND1 2016 832 
901 _LAND1 2080 832 
902 _LAND1 2144 832 
903 _LAND1 2208 832 
904 _LAND1 2272 832 
905 _LAND1 2336 832 
906 _LAND1 2400 832 
907 _LAND1 2048 864 
908 _LAND1 2112 864 
909 _LAND1 2176 864 
910 _LAND1 2240 864 
911 _LAND1 2304 864 
912 _LAND1 2368 864 
913 _LAND1 2048 896 
914 _LAND1 2112 896 
915 _LAND1 2176 896 
916 _LAND1 2240 896 
917 _LAND1 2304 896 
918 _LAND1 2368 896 
919 _LAND1 2048 928 
920 _LAND1 2112 928 
921 _LAND1 2176 928 
922 _LAND1 2240 928 
923 _LAND1 2304 928 
924 _LAND1 2368 928 
925 _LAND1 2048 960 
926 _LAND1 2112 960 
927 _LAND1 2176 960 
928 _LAND1 2240 960 
929 _LAND1 2304 960 
930 _LAND1 2368 960 
931 _LAND1 2048 992 
932 _LAND1 2112 992 
933 _LAND1 2176 992 
934 _LAND1 2240 992 
935 _LAND1 2304 992 
936 _LAND1 2368 992 
937 _LAND1 2048 1024 
938 _LAND1 2112 1024 
939 _LAND1 2176 1024 
940 _LAND1 2240 1024 
941 _LAND1 2304 1024 
942 _LAND1 2368 1024 
943 _LAND1 2048 1056 
944 _LAND1 2112 1056 
945 _LAND1 2176 1056 
946 _LAND1 2240 1056 
947 _LAND1 2304 1056 
948 _LAND1 2368 1056 
949 _LAND1 2048 1088 
950 _LAND1 2112 1088 
951 _LAND1 2176 1088 
952 _LAND1 2240 1088 
953 _LAND1 2304 1088 
954 _LAND1 2368 1088 
955 _LAND1 2048 1120 
956 _LAND1 2112 1120 
957 _LAND1 2176 1120 
958 _LAND1 2240 1120 
959 _LAND1 2304 1120 
960 _LAND1 2368 1120 
961 _LAND1 2048 1152 
962 _LAND1 2112 1152 
963 _LAND1 2176 1152 
964 _LAND1 2240 1152 
965 _LAND1 2304 1152 
966 _LAND1 2368 1152 
967 _LAND1 2048 1184 
968 _LAND1 2112 1184 
969 _LAND1 2176 1184 
970 _LAND1 2240 1184 
971 _LAND1 2304 1184 
972 _LAND1 2368 1184 
973 _LAND1 2048 1216 
974 _LAND1 2112 1216 
975 _LAND1 2176 1216 
976 _LAND1 2240 1216 
977 _LAND1 2304 1216 
978 _LAND1 2368 1216 
979 _LAND1 2048 1248 
980 _LAND1 2112 1248 
981 _LAND1 2176 1248 
982 _LAND1 2240 1248 
983 _LAND1 2304 1248 
984 _LAND1 2368 1248 
985 _LAND1 2048 1280 
986 _LAND1 2112 1280 
987 _LAND1 2176 1280 
988 _LAND1 2240 1280 
989 _LAND1 2304 1280 
990 _LAND1 2368 1280 
991 _LAND1 2048 1312 
992 _LAND1 2112 1312 
993 _LAND1 2176 1312 
994 _LAND1 2240 1312 
995 _LAND1 2304 1312 
996 _LAND1 2368 1312 
997 _LAND1 2048 1344 
998 _LAND1 2112 1344 
999 _LAND1 2176 1344 
1000 _LAND1 2240 1344 
1001 _LAND1 2304 1344 
1002 _LAND1 2368 1344 
1003 _LAND1 2048 1376 
1004 _LAND1 2112 1376 
1005 _LAND1 2176 1376 
1006 _LAND1 2240 1376 
1007 _LAND1 2304 1376 
1008 _LAND1 2368 1376 
1009 _LAND1 2048 1408 
1010 _LAND1 2112 1408 
1011 _LAND1 2176 1408 
1012 _LAND1 2240 1408 
1013 _LAND1 2304 1408 
1014 _LAND1 2368 1408 
1015 _LAND1 2048 1440 
1016 _LAND1 2112 1440 
1017 _LAND1 2176 1440 
1018 _LAND1 2240 1440 
1019 _LAND1 2304 1440 
1020 _LAND1 2368 1440 
1021 _LAND1 2048 1472 
1022 _LAND1 2112 1472 
1023 _LAND1 2176 1472 
1024 _LAND1 2240 1472 
1025 _LAND1 2304 1472 
1026 _LAND1 2368 1472 
1027 _LAND1 2048 1504 
1028 _LAND1 2112 1504 
1029 _LAND1 2176 1504 
1030 _LAND1 2240 1504 
1031 _LAND1 2304 1504 
1032 _LAND1 2368 1504 
1033 _LAND1 2048 1536 
1034 _LAND1 2112 1536 
1035 _LAND1 2176 1536 
1036 _LAND1 2240 1536 
1037 _LAND1 2304 1536 
1038 _LAND1 2368 1536 
1039 _LAND1 2048 1568 
1040 _LAND1 2112 1568 
1041 _LAND1 2176 1568 
1042 _LAND1 2240 1568 
1043 _LAND1 2304 1568 
1044 _LAND1 2368 1568 
1045 _LAND1 2048 1600 
1046 _LAND1 2112 1600 
1047 _LAND1 2176 1600 
1048 _LAND1 2240 1600 
1049 _LAND1 2304 1600 
1050 _LAND1 2368 1600 
1051 _LAND1 2016 1632 
1052 _LAND1 2080 1632 
1053 _LAND1 2144 1632 
1054 _LAND1 2208 1632 
1055 _LAND1 2272 1632 
1056 _LAND1 2336 1632 
1057 _LAND1 2400 1632 
1058 _LAND1 2016 1664 
1059 _LAND1 2080 1664 
1060 _LAND1 2144 1664 
1061 _LAND1 2208 1664 
1062 _LAND1 2272 1664 
1063 _LAND1 2336 1664 
1064 _LAND1 2400 1664 
1065 LAND2 1952 1696 
1066 LAND5 1952 1728 
1067 LAND2 1952 1760 
1068 LAND5 1952 1792 
1069 _LAND1 1984 1696 
1070 _LAND1 2048 1696 
1071 _LAND1 2112 1696 
1072 _LAND1 2176 1696 
1073 _LAND1 2240 1696 
1074 _LAND1 2304 1696 
1075 _LAND1 2368 1696 
1076 _LAND1 1984 1728 
1077 _LAND1 2048 1728 
1078 _LAND1 2112 1728 
1079 _LAND1 2176 1728 
1080 _LAND1 2240 1728 
1081 _LAND1 2304 1728 
1082 _LAND1 2368 1728 
1083 _LAND1 1984 1760 
1084 _LAND1 2048 1760 
1085 _LAND1 2112 1760 
1086 _LAND1 2176 1760 
1087 _LAND1 2240 1760 
1088 _LAND1 2304 1760 
1089 _LAND1 2368 1760 
1090 _LAND1 1984 1792 
1091 _LAND1 2048 1792 
1092 _LAND1 2112 1792 
1093 _LAND1 2176 1792 
1094 _LAND1 2240 1792 
1095 _LAND1 2304 1792 
1096 _LAND1 2368 1792 
1097 _LAND1 1984 1824 
1098 _LAND1 2048 1824 
1099 _LAND1 2112 1824 
1100 _LAND1 2176 1824 
1101 _LAND1 2240 1824 
1102 _LAND1 2304 1824 
1103 _LAND1 2368 1824 
1104 _LAND1 1920 1824 
1105 _LAND1 1888 1856 
1106 _LAND1 1952 1856 
1107 _LAND1 2016 1856 
1108 _LAND1 2080 1856 
1109 _LAND1 2144 1856 
1110 _LAND1 2208 1856 
1111 _LAND1 2272 1856 
1112 _LAND1 2336 1856 
1113 _LAND1 1920 1888 
1114 _LAND1 1984 1888 
1115 _LAND1 2048 1888 
1116 _LAND1 2112 1888 
1117 _LAND1 2176 1888 
1118 _LAND1 2240 1888 
1119 _LAND1 2304 1888 
1120 _LAND1 1856 1920 
1121 _LAND1 1920 1920 
1122 _LAND1 1984 1920 
1123 _LAND1 2048 1920 
1124 _LAND1 2112 1920 
1125 _LAND1 2176 1920 
1126 _LAND1 2240 1920 
1127 _LAND1 2304 1920 
1128 _LAND1 1792 1920 
1129 _LAND1 1856 1920 
1130 _LAND1 1760 1952 
1131 _LAND1 1824 1952 
1132 _LAND1 1888 1952 
1133 _LAND1 1952 1952 
1134 _LAND1 2016 1952 
1135 _LAND1 2080 1952 
1136 _LAND1 2144 1952 
1137 _LAND1 2208 1952 
1138 _LAND1 2272 1952 
1139 _LAND1 1952 1984 
1140 _LAND1 2016 1984 
1141 _LAND1 2080 1984 
1142 _LAND1 2144 1984 
1143 _LAND1 2208 1984 
1144 _LAND1 2272 1984 
1145 _LAND1 2176 2016 
1146 _LAND1 2240 2016 
1147 _LAND1 2304 2016 
1148 _LAND1 2176 2048 
1149 _LAND1 2240 2048 
1150 _LAND1 2304 2048 
1151 _LAND1 2240 2080 
1152 _LAND1 2304 2080 
1153 _LAND1 2240 2112 
1154 _LAND1 2304 2112 
1155 _LAND1 2432 2080 
1156 _LAND1 2432 2016 
1157 _LAND1 2496 2016 
1158 _LAND1 2432 2080 
1159 LAND1 2496 2048 
1160 LAND1 2528 2048 
1161 _LAND1 2432 2048 
1162 _LAND1 2336 1952 
1163 _LAND1 2400 1952 
1164 _LAND1 2464 1952 
1165 _LAND1 2528 1952 
1166 _LAND1 2592 1952 
1167 _LAND1 2656 1952 
1168 _LAND1 2720 1952 
1169 _LAND1 2784 1952 
1170 _LAND1 2848 1952 
1171 _LAND1 2336 1984 
1172 _LAND1 2400 1984 
1173 _LAND1 2464 1984 
1174 _LAND1 2528 1984 
1175 _LAND1 2592 1984 
1176 _LAND1 2656 1984 
1177 _LAND1 2720 1984 
1178 _LAND1 2784 1984 
1179 _LAND1 2848 1984 
1180 _LAND1 2880 2016 
1181 _LAND1 2944 2016 
1182 _LAND1 3008 2016 
1183 _LAND1 3072 2016 
1184 _LAND1 3136 2016 
1185 _LAND1 2880 2048 
1186 _LAND1 2944 2048 
1187 _LAND1 3008 2048 
1188 _LAND1 3072 2048 
1189 _LAND1 3136 2048 
1190 LAND2 2912 2112 
1191 LAND5 2912 2144 
1192 LAND2 2912 2176 
1193 LAND5 2912 2208 
1194 _LAND1 2912 2080 
1195 _LAND1 2976 2080 
1196 _LAND1 3040 2080 
1197 _LAND1 3104 2080 
1198 _LAND1 3168 2080 
1199 LAND5 2944 2400 
1200 LAND2 2944 2432 
1201 LAND5 2944 2464 
1202 LAND2 2944 2496 
1203 LAND5 2944 2528 
1204 LAND2 2944 2560 
1205 LAND5 2944 2592 
1206 LAND2 2944 2624 
1207 LAND5 2944 2656 
1208 LAND2 2944 2688 
1209 LAND5 2944 2720 
1210 LAND2 2944 2752 
1211 LAND2 2944 2944 
1212 LAND5 2944 2976 
1213 LAND2 2944 3008 
1214 LAND5 2944 3040 
1215 LAND2 2944 3072 
1216 LAND5 2944 3104 
1217 LAND2 2944 3136 
1218 LAND5 2944 3168 
1219 LAND2 2944 3200 
1220 LAND5 2944 3232 
1221 LAND2 2944 3264 
1222 LAND5 2944 3296 
1223 LAND2 2944 3328 
1224 LAND5 2944 3360 
1225 LAND2 2944 3392 
1226 _LAND1 2944 2112 
1227 _LAND1 3008 2112 
1228 _LAND1 3072 2112 
1229 _LAND1 3136 2112 
1230 _LAND1 2944 2144 
1231 _LAND1 3008 2144 
1232 _LAND1 3072 2144 
1233 _LAND1 3136 2144 
1234 _LAND1 2944 2176 
1235 _LAND1 3008 2176 
1236 _LAND1 3072 2176 
1237 _LAND1 3136 2176 
1238 _LAND1 2944 2208 
1239 _LAND1 3008 2208 
1240 _LAND1 3072 2208 
1241 _LAND1 3136 2208 
1242 _LAND1 2944 2240 
1243 _LAND1 3008 2240 
1244 _LAND1 3072 2240 
1245 _LAND1 3136 2240 
1246 _LAND1 2944 2272 
1247 _LAND1 3008 2272 
1248 _LAND1 3072 2272 
1249 _LAND1 3136 2272 
1250 _LAND1 2976 2336 
1251 _LAND1 3040 2336 
1252 _LAND1 3104 2336 
1253 _LAND1 3168 2336 
1254 _LAND1 2976 2368 
1255 _LAND1 3040 2368 
1256 _LAND1 3104 2368 
1257 _LAND1 3168 2368 
1258 _LAND1 2976 2400 
1259 _LAND1 3040 2400 
1260 _LAND1 3104 2400 
1261 _LAND1 3168 2400 
1262 _LAND1 2976 2432 
1263 _LAND1 3040 2432 
1264 _LAND1 3104 2432 
1265 _LAND1 3168 2432 
1266 _LAND1 2976 2464 
1267 _LAND1 3040 2464 
1268 _LAND1 3104 2464 
1269 _LAND1 3168 2464 
1270 _LAND1 2976 2496 
1271 _LAND1 3040 2496 
1272 _LAND1 3104 2496 
1273 _LAND1 3168 2496 
1274 _LAND1 2976 2560 
1275 _LAND1 3040 2560 
1276 _LAND1 3104 2560 
1277 _LAND1 3168 2560 
1278 _LAND1 2976 2592 
1279 _LAND1 3040 2592 
1280 _LAND1 3104 2592 
1281 _LAND1 3168 2592 
1282 _LAND1 2976 2624 
1283 _LAND1 3040 2624 
1284 _LAND1 3104 2624 
1285 _LAND1 3168 2624 
1286 _LAND1 2976 2656 
1287 _LAND1 3040 2656 
1288 _LAND1 3104 2656 
1289 _LAND1 3168 2656 
1290 _LAND1 2976 2688 
1291 _LAND1 3040 2688 
1292 _LAND1 3104 2688 
1293 _LAND1 3168 2688 
1294 _LAND1 2976 2720 
1295 _LAND1 3040 2720 
1296 _LAND1 3104 2720 
1297 _LAND1 3168 2720 
1298 _LAND1 2976 2752 
1299 _LAND1 3040 2752 
1300 _LAND1 3104 2752 
1301 _LAND1 3168 2752 
1302 _LAND1 2976 2784 
1303 _LAND1 3040 2784 
1304 _LAND1 3104 2784 
1305 _LAND1 3168 2784 
1306 _LAND1 2976 2816 
1307 _LAND1 3040 2816 
1308 _LAND1 3104 2816 
1309 _LAND1 3168 2816 
1310 _LAND1 2976 2848 
1311 _LAND1 3040 2848 
1312 _LAND1 3104 2848 
1313 _LAND1 3168 2848 
1314 _LAND1 2976 2880 
1315 _LAND1 3040 2880 
1316 _LAND1 3104 2880 
1317 _LAND1 3168 2880 
1318 _LAND1 2976 2912 
1319 _LAND1 3040 2912 
1320 _LAND1 3104 2912 
1321 _LAND1 3168 2912 
1322 _LAND1 2976 2944 
1323 _LAND1 3040 2944 
1324 _LAND1 3104 2944 
1325 _LAND1 3168 2944 
1326 _LAND1 2976 2976 
1327 _LAND1 3040 2976 
1328 _LAND1 3104 2976 
1329 _LAND1 3168 2976 
1330 _LAND1 2976 3008 
1331 _LAND1 3040 3008 
1332 _LAND1 3104 3008 
1333 _LAND1 3168 3008 
1334 _LAND1 2976 3040 
1335 _LAND1 3040 3040 
1336 _LAND1 3104 3040 
1337 _LAND1 3168 3040 
1338 _LAND1 2976 3072 
1339 _LAND1 3040 3072 
1340 _LAND1 3104 3072 
1341 _LAND1 3168 3072 
1342 _LAND1 2976 3104 
1343 _LAND1 3040 3104 
1344 _LAND1 3104 3104 
1345 _LAND1 3168 3104 
1346 _LAND1 2976 3136 
1347 _LAND1 3040 3136 
1348 _LAND1 3104 3136 
1349 _LAND1 3168 3136 
1350 _LAND1 2976 3168 
1351 _LAND1 3040 3168 
1352 _LAND1 3104 3168 
1353 _LAND1 3168 3168 
1354 _LAND1 2976 3200 
1355 _LAND1 3040 3200 
1356 _LAND1 3104 3200 
1357 _LAND1 3168 3200 
1358 _LAND1 2976 3232 
1359 _LAND1 3040 3232 
1360 _LAND1 3104 3232 
1361 _LAND1 3168 3232 
1362 _LAND1 2976 3264 
1363 _LAND1 3040 3264 
1364 _LAND1 3104 3264 
1365 _LAND1 3168 3264 
1366 _LAND1 2976 3296 
1367 _LAND1 3040 3296 
1368 _LAND1 3104 3296 
1369 _LAND1 3168 3296 
1370 _LAND1 2976 3328 
1371 _LAND1 3040 3328 
1372 _LAND1 3104 3328 
1373 _LAND1 3168 3328 
1374 _LAND1 2976 3360 
1375 _LAND1 3040 3360 
1376 _LAND1 3104 3360 
1377 _LAND1 3168 3360 
1378 _LAND1 2976 3392 
1379 _LAND1 3040 3392 
1380 _LAND1 3104 3392 
1381 _LAND1 3168 3392 
1382 _LAND1 2976 2304 
1383 _LAND1 3040 2304 
1384 _LAND1 3104 2304 
1385 _LAND1 3168 2304 
1386 LAND4 2560 2464 
1387 LAND4 2624 2464 
1388 LAND4 2688 2464 
1389 LAND4 2752 2464 
1390 LAND4 2816 2464 
1391 LAND5 2528 2528 
1392 LAND2 2528 2560 
1393 LAND5 2528 2592 
1394 LAND2 2528 2624 
1395 LAND5 2528 2656 
1396 LAND2 2528 2688 
1397 LAND5 2528 2720 
1398 LAND2 2528 2752 
1399 LAND5 2528 2784 
1400 LAND2 2528 2816 
1401 LAND5 2528 2848 
1402 LAND2 2528 2880 
1403 LAND5 2528 2912 
1404 LAND2 2528 2944 
1405 LAND5 2528 2976 
1406 LAND2 2528 3008 
1407 LAND5 2528 3040 
1408 LAND2 2528 3072 
1409 LAND5 2528 3104 
1410 LAND2 2528 3136 
1411 LAND5 2528 3168 
1412 LAND2 2528 3200 
1413 LAND5 2528 3232 
1414 LAND2 2528 3264 
1415 LAND5 2528 3296 
1416 LAND2 2528 3328 
1417 LAND5 2528 3360 
1418 LAND2 2528 3392 
1419 LAND5 2528 3424 
1420 LAND2 2528 3456 
1421 LAND5 2528 3488 
1422 LAND2 2528 3520 
1423 LAND5 2528 3552 
1424 LAND2 2528 3584 
1425 LAND5 2528 3616 
1426 LAND2 2528 3648 
1427 LAND5 2528 3680 
1428 LAND2 2528 3712 
1429 LAND5 2528 3744 
1430 LAND2 2528 3776 
1431 LAND5 2528 3808 
1432 LAND2 2528 3840 
1433 LAND5 2528 3872 
1434 LAND2 2528 3904 
1435 LAND5 2528 3936 
1436 LAND2 2528 3968 
1437 LAND5 2528 4000 
1438 LAND2 2528 4032 
1439 _LAND1 2976 2528 
1440 _LAND1 3040 2528 
1441 _LAND1 3104 2528 
1442 _LAND1 3168 2528 
1443 LAND5 2496 2528 
1444 LAND5 2496 2560 
1445 LAND5 2496 2592 
1446 LAND5 2496 2624 
1447 LAND5 2496 2656 
1448 LAND5 2496 2688 
1449 LAND5 2496 2720 
1450 LAND5 2496 2752 
1451 LAND5 2496 2784 
1452 LAND5 2496 2816 
1453 LAND5 2496 2848 
1454 LAND5 2496 2880 
1455 LAND5 2496 2912 
1456 LAND5 2496 2944 
1457 LAND5 2496 2976 
1458 LAND5 2496 3008 
1459 LAND5 2496 3040 
1460 LAND5 2496 3072 
1461 LAND5 2496 3104 
1462 LAND5 2496 3136 
1463 LAND5 2496 3168 
1464 LAND5 2496 3200 
1465 LAND5 2496 3232 
1466 LAND5 2496 3264 
1467 LAND5 2496 3296 
1468 LAND5 2496 3328 
1469 LAND5 2496 3360 
1470 LAND5 2496 3392 
1471 LAND5 2496 3424 
1472 LAND5 2496 3456 
1473 LAND5 2496 3488 
1474 LAND5 2496 3520 
1475 LAND5 2496 3552 
1476 LAND5 2496 3584 
1477 LAND5 2496 3616 
1478 LAND5 2496 3648 
1479 LAND5 2496 3680 
1480 LAND5 2496 3712 
1481 LAND5 2496 3744 
1482 LAND5 2496 3776 
1483 LAND5 2496 3808 
1484 LAND5 2496 3840 
1485 LAND5 2496 3872 
1486 LAND5 2496 3904 
1487 LAND5 2496 3936 
1488 LAND5 2496 3968 
1489 LAND5 2496 4000 
1490 LAND5 2496 4032 
1491 _LAND1 2496 2496 
1492 LAND4 2816 2240 
1493 LAND4 2816 2240 
1494 _LAND1 2880 2240 
1495 LAND2 2656 2112 
1496 LAND2 2656 2144 
1497 LAND2 2656 2176 
1498 LAND2 2656 2208 
1499 LAND2 2656 2240 
1500 LAND2 2656 2272 
1501 LAND4 2496 2400 
1502 LAND4 2560 2400 
1503 LAND4 2624 2400 
1504 LAND4 2688 2400 
1505 LAND4 2752 2400 
1506 LAND4 2816 2400 
1507 _LAND1 2496 2432 
1508 _LAND1 2560 2432 
1509 _LAND1 2624 2432 
1510 _LAND1 2688 2432 
1511 _LAND1 2752 2432 
1512 _LAND1 2816 2432 
1513 _LAND1 2496 2464 
1514 _LAND1 2560 2464 
1515 _LAND1 2624 2464 
1516 _LAND1 2688 2464 
1517 _LAND1 2752 2464 
1518 _LAND1 2816 2464 
1519 LADDER5 2625 2655 
1520 LAND3 2687 2561 
1521 LADDER10 2561 3424 
1522 LAND4 2816 3040 
1523 LAND4 2880 3040 
1524 _LAND1 2816 3072 
1525 _LAND1 2880 3072 
1526 _LAND1 2880 3104 
1527 _LAND1 2880 3136 
1528 LAND5 290592 3392 
1529 LAND5 2592 3392 
1530 _LAND1 2624 3392 
1531 _LAND1 2688 3392 
1532 _LAND1 2752 3392 
1533 _LAND1 2816 3392 
1534 _LAND1 2880 3392 
1535 _LAND1 2624 3424 
1536 _LAND1 2688 3424 
1537 _LAND1 2752 3424 
1538 _LAND1 2816 3424 
1539 _LAND1 2880 3424 
1540 LAND4 2624 3456 
1541 _LAND1 2688 3456 
1542 _LAND1 2752 3456 
1543 _LAND1 2816 3456 
1544 _LAND1 2880 3456 
1545 _LAND1 2944 3456 
1546 _LAND1 3008 3456 
1547 _LAND1 3072 3456 
1548 _LAND1 3136 3456 
1549 _LAND1 2624 3488 
1550 _LAND1 2688 3488 
1551 _LAND1 2752 3488 
1552 _LAND1 2816 3488 
1553 _LAND1 2880 3488 
1554 _LAND1 2944 3488 
1555 _LAND1 3008 3488 
1556 _LAND1 3072 3488 
1557 _LAND1 3136 3488 
1558 _LAND1 2944 3424 
1559 _LAND1 3008 3424 
1560 _LAND1 3072 3424 
1561 _LAND1 3136 3424 
1562 LAND4 2881 3585 
1563 _LAND1 2880 3520 
1564 _LAND1 2944 3520 
1565 _LAND1 3008 3520 
1566 _LAND1 3072 3520 
1567 _LAND1 3136 3520 
1568 _LAND1 2944 3552 
1569 _LAND1 3008 3552 
1570 _LAND1 3072 3552 
1571 _LAND1 3136 3552 
1572 _LAND1 2880 3552 
1573 _LAND1 2880 3616 
1574 _LAND1 2944 3616 
1575 _LAND1 3008 3616 
1576 _LAND1 3072 3616 
1577 _LAND1 3136 3616 
1578 _LAND1 2944 3680 
1579 _LAND1 3008 3680 
1580 _LAND1 3072 3680 
1581 _LAND1 3136 3680 
1582 _LAND1 2944 3744 
1583 _LAND1 3008 3744 
1584 _LAND1 3072 3744 
1585 _LAND1 3136 3744 
1586 _LAND1 2944 3808 
1587 _LAND1 3008 3808 
1588 _LAND1 3072 3808 
1589 _LAND1 3136 3808 
1590 _LAND1 2944 3872 
1591 _LAND1 3008 3872 
1592 _LAND1 3072 3872 
1593 _LAND1 3136 3872 
1594 LAND4 2943 3712 
1595 LAND4 2944 3775 
1596 LAND4 2944 3841 
1597 _LAND1 2944 3904 
1598 _LAND1 3008 3904 
1599 _LAND1 3072 3904 
1600 _LAND1 3136 3904 
1601 _LAND1 3008 3936 
1602 _LAND1 3072 3936 
1603 _LAND1 3136 3936 
1604 _LAND1 3200 3936 
1605 _LAND1 3264 3936 
1606 _LAND1 3328 3936 
1607 _LAND1 3392 3936 
1608 _LAND1 3456 3936 
1609 _LAND1 3520 3936 
1610 _LAND1 3008 3968 
1611 _LAND1 3072 3968 
1612 _LAND1 3136 3968 
1613 _LAND1 3200 3968 
1614 _LAND1 3264 3968 
1615 _LAND1 3328 3968 
1616 _LAND1 3392 3968 
1617 LAND1 2976 3936 
1618 _LAND1 3072 4000 
1619 _LAND1 3136 4000 
1620 _LAND1 3200 4000 
1621 _LAND1 3264 4000 
1622 _LAND1 3328 4000 
1623 _LAND1 3392 4000 
1624 _LAND1 3456 4000 
1625 _LAND1 3072 4032 
1626 _LAND1 3136 4032 
1627 _LAND1 3200 4032 
1628 _LAND1 3264 4032 
1629 _LAND1 3328 4032 
1630 _LAND1 3392 4032 
1631 _LAND1 3456 4032 
1632 _LAND1 3200 4096 
1633 _LAND1 3264 4096 
1634 _LAND1 3328 4096 
1635 _LAND1 3392 4096 
1636 _LAND1 3456 4096 
1637 _LAND1 3200 4064 
1638 _LAND1 3264 4064 
1639 _LAND1 3328 4064 
1640 _LAND1 3392 4064 
1641 _LAND1 3456 4064 
1642 LAND4 3584 4032 
1643 LAND4 3648 4032 
1644 LAND4 3712 4032 
1645 LAND4 3776 4032 
1646 _LAND1 3456 3967 
1647 _LAND1 3520 4031 
1648 LAND4 3518 3969 
1649 _LAND1 3521 3999 
1650 _LAND1 3552 2112 
1651 _LAND1 3552 2144 
1652 _LAND1 3552 2176 
1653 _LAND1 3552 2208 
1654 _LAND1 3552 2272 
1655 _LAND1 3552 2336 
1656 _LAND1 3552 2400 
1657 _LAND1 3552 2464 
1658 _LAND1 3552 2528 
1659 _LAND1 3552 2592 
1660 _LAND1 3552 2656 
1661 _LAND1 3552 2720 
1662 _LAND1 3552 2784 
1663 _LAND1 3552 2848 
1664 _LAND1 3552 2912 
1665 _LAND1 3552 2976 
1666 _LAND1 3552 3040 
1667 _LAND1 3552 3104 
1668 _LAND1 3552 3168 
1669 _LAND1 3552 3232 
1670 _LAND1 3552 3296 
1671 _LAND1 3552 3360 
1672 _LAND1 3552 3424 
1673 _LAND1 3552 3488 
1674 _LAND1 3552 3552 
1675 _LAND1 3552 3616 
1676 _LAND1 3552 3648 
1677 _LAND1 3552 3680 
1678 _LAND1 3552 3712 
1679 _LAND1 3552 3744 
1680 _LAND1 3552 3776 
1681 _LAND1 3552 3808 
1682 _LAND1 3552 3840 
1683 _LAND1 3552 3872 
1684 _LAND1 3552 3904 
1685 LAND4 3744 3872 
1686 LAND4 3808 3872 
1687 LAND2 3873 3872 
1688 LAND5 3872 3904 
1689 _LAND1 3616 3904 
1690 _LAND1 3680 3904 
1691 _LAND1 3744 3904 
1692 _LAND1 3808 3904 
1693 LAND4 3680 3840 
1694 _LAND1 3616 3840 
1695 _LAND1 3616 3872 
1696 _LAND1 3680 3872 
1697 LAND5 3679 3777 
1698 LAND2 3679 3808 
1699 _LAND1 3616 3808 
1700 _LAND1 3617 3776 
1701 LAND5 3712 3712 
1702 LAND4 3776 3712 
1703 LAND4 3840 3712 
1704 LAND4 3904 3712 
1705 LAND5 3968 3712 
1706 LAND5 3681 3711 
1707 LAND5 3680 3742 
1708 LAND4 3616 3680 
1709 LAND4 3616 3648 
1710 _LAND1 3616 3744 
1711 _LAND1 3616 3712 
1712 LAND4 3551 3583 
1713 LAND4 3552 3519 
1714 LAND4 3551 3456 
1715 LAND4 3552 3391 
1716 LAND4 3552 3329 
1717 LAND4 3551 3263 
1718 LAND4 3551 3200 
1719 LAND4 3551 3138 
1720 LAND4 3552 3070 
1721 LAND4 3551 3008 
1722 LAND4 3552 2943 
1723 LAND4 3552 2881 
1724 LAND4 3552 2814 
1725 LAND4 3551 2752 
1726 LAND4 3552 2686 
1727 LAND4 3551 2624 
1728 LAND4 3552 2561 
1729 LAND4 3551 2496 
1730 LAND4 3552 2433 
1731 LAND4 3552 2368 
1732 LAND4 3551 2304 
1733 LAND4 3550 2241 
1734 _LAND1 2368 1920 
1735 _LAND1 2369 1888 
1736 BLOCKCAMERA 2016 46 
1737 LAND3 252 351 
1738 LADDER6 1951 544 
1739 LAND1 1985 543 
1740 LAND5 1985 511 
1741 LADDER5 1952 1024 
1742 LAND1 1986 1025 
1743 LAND5 1985 992 
1744 LAND5 1920 992 
1745 LADDER5 1954 1503 
1746 LAND5 1920 1473 
1747 LAND5 1986 1469 
1748 LAND1 1986 1504 
1749 LADDER7 2880 2495 
1750 LAND1 2913 2495 
1751 LAND5 2912 2464 
1752 LAND5 2913 2400 
1753 LAND2 2913 2432 
1754 LADDER6 2882 2943 
1755 MOVEMAP 2877 2842 
1756 LAND1 2914 2942 
1757 LAND4 1953 1665 
1758 LAND2 2017 1599 
1759 LAND4 1985 383 
1760 LAND4 1986 479 
1761 LAND4 1986 416 
1762 _LAND1 1987 448 
1763 LAND2 1986 962 
1764 LAND2 1985 897 
1765 LAND5 1986 929 
1766 LAND4 2913 2306 
1767 LAND4 2914 2369 
1768 _LAND1 2914 2338 
1769 _LAND1 2915 2911 
1770 _LAND1 2916 2848 
1771 _LAND1 2916 2786 
1772 LAND4 2915 2880 
1773 LAND4 2916 2817 
1774 UNLOCKCAMERA 2023 2036 
<End>