4096 1024
1 _LAND1 0 32 
2 _LAND1 64 32 
3 _LAND1 128 32 
4 _LAND1 192 32 
5 _LAND1 256 32 
6 _LAND1 320 32 
7 _LAND1 384 32 
8 _LAND1 448 32 
9 _LAND1 512 32 
10 _LAND1 576 32 
11 _LAND1 640 32 
12 _LAND1 704 32 
13 _LAND1 768 32 
14 _LAND1 832 32 
15 _LAND1 896 32 
16 _LAND1 960 32 
17 _LAND1 1152 32 
18 _LAND1 1216 32 
19 _LAND1 1280 32 
20 _LAND1 1344 32 
21 _LAND1 1408 32 
22 _LAND1 1472 32 
23 _LAND1 1536 32 
24 _LAND1 1600 32 
25 _LAND1 1664 32 
26 _LAND1 1728 32 
27 _LAND1 1856 32 
28 _LAND1 1920 32 
29 _LAND1 1984 32 
30 _LAND1 2048 32 
31 _LAND1 2112 32 
32 _LAND1 2176 32 
33 _LAND1 2240 32 
34 _LAND1 2304 32 
35 _LAND1 2368 32 
36 _LAND1 2432 32 
37 _LAND1 2496 32 
38 _LAND1 2560 32 
39 _LAND1 2624 32 
40 _LAND1 2688 32 
41 _LAND1 2752 32 
42 _LAND1 2816 32 
43 _LAND1 2880 32 
44 _LAND1 2944 32 
45 _LAND1 3008 32 
46 _LAND1 3072 32 
47 _LAND1 3136 32 
48 _LAND1 3200 32 
49 _LAND1 3392 32 
50 _LAND1 3456 32 
51 _LAND1 3520 32 
52 _LAND1 3584 32 
53 _LAND1 3648 32 
54 _LAND1 3712 32 
55 _LAND1 3776 32 
56 _LAND1 3840 32 
57 _LAND1 3904 32 
58 _LAND1 3968 32 
59 _LAND1 4032 32 
60 _LAND1 0 64 
61 _LAND1 64 64 
62 _LAND1 128 64 
63 _LAND1 192 64 
64 _LAND1 256 64 
65 _LAND1 320 64 
66 _LAND1 384 64 
67 _LAND1 448 64 
68 _LAND1 512 64 
69 _LAND1 576 64 
70 _LAND1 640 64 
71 _LAND1 704 64 
72 _LAND1 768 64 
73 _LAND1 832 64 
74 _LAND1 896 64 
75 _LAND1 960 64 
76 _LAND1 1152 64 
77 _LAND1 1216 64 
78 _LAND1 1280 64 
79 _LAND1 1344 64 
80 _LAND1 1408 64 
81 _LAND1 1472 64 
82 _LAND1 1536 64 
83 _LAND1 1600 64 
84 _LAND1 1664 64 
85 _LAND1 1728 64 
86 _LAND1 1856 64 
87 _LAND1 1920 64 
88 _LAND1 1984 64 
89 _LAND1 2048 64 
90 _LAND1 2112 64 
91 _LAND1 2176 64 
92 _LAND1 2240 64 
93 _LAND1 2304 64 
94 _LAND1 2368 64 
95 _LAND1 2432 64 
96 _LAND1 2496 64 
97 _LAND1 2560 64 
98 _LAND1 2624 64 
99 _LAND1 2688 64 
100 _LAND1 2752 64 
101 _LAND1 2816 64 
102 _LAND1 2880 64 
103 _LAND1 2944 64 
104 _LAND1 3008 64 
105 _LAND1 3072 64 
106 _LAND1 3136 64 
107 _LAND1 3200 64 
108 _LAND1 3392 64 
109 _LAND1 3456 64 
110 _LAND1 3520 64 
111 _LAND1 3584 64 
112 _LAND1 3648 64 
113 _LAND1 3712 64 
114 _LAND1 3776 64 
115 _LAND1 3840 64 
116 _LAND1 3904 64 
117 _LAND1 3968 64 
118 _LAND1 4032 64 
119 LAND1 0 96 
120 LAND1 64 96 
121 LAND1 128 96 
122 LAND1 192 96 
123 LAND1 256 96 
124 LAND1 320 96 
125 LAND1 384 96 
126 LAND1 448 96 
127 LAND1 512 96 
128 LAND1 576 96 
129 LAND1 640 96 
130 LAND1 704 96 
131 LAND1 768 96 
132 LAND1 832 96 
133 LAND1 896 96 
134 LAND1 960 96 
135 LAND1 1152 96 
136 LAND1 1216 96 
137 LAND1 1280 96 
138 LAND1 1344 96 
139 LAND1 1408 96 
140 LAND1 1472 96 
141 LAND1 1536 96 
142 LAND1 1600 96 
143 LAND1 1664 96 
144 LAND1 1728 96 
145 LAND1 1856 96 
146 LAND1 1920 96 
147 LAND1 1984 96 
148 LAND1 2048 96 
149 LAND1 2112 96 
150 LAND1 2176 96 
151 LAND1 2240 96 
152 LAND1 2304 96 
153 LAND1 2368 96 
154 LAND1 2432 96 
155 LAND1 2496 96 
156 LAND1 2560 96 
157 LAND1 2624 96 
158 LAND1 2688 96 
159 LAND1 2752 96 
160 LAND1 2816 96 
161 LAND1 2880 96 
162 LAND1 2944 96 
163 LAND1 3008 96 
164 LAND1 3072 96 
165 LAND1 3136 96 
166 LAND1 3200 96 
167 LAND1 3392 96 
168 LAND1 3456 96 
169 LAND1 3520 96 
170 LAND1 3584 96 
171 LAND1 3648 96 
172 LAND1 3712 96 
173 LAND1 3776 96 
174 LAND1 3840 96 
175 LAND1 3904 96 
176 LAND1 3968 96 
177 LAND1 4032 96 
178 LADDER5 289 255 
179 LAND1 128 162 
180 LAND1 193 224 
181 LAND1 384 192 
182 LAND1 480 224 
183 LAND1 544 224 
184 LAND1 608 224 
185 LAND 800 129 
186 LAND1 1055 192 
187 LAND1 1280 224 
188 LAND1 1344 224 
189 LAND1 1408 224 
190 LAND1 1600 289 
191 LAND1 1697 319 
192 LAND1 1824 672 
193 LAND1 1888 672 
194 LAND1 1952 672 
195 LAND1 2016 672 
196 LAND1 2080 672 
197 LAND1 2144 672 
198 LAND1 2208 672 
199 LAND1 2306 607 
200 LAND1 2402 542 
201 LAND1 2497 479 
202 LAND 2593 128 
203 LAND1 2880 224 
204 LAND1 2944 224 
205 LAND1 3008 224 
206 LAND1 3072 224 
207 LAND1 3296 320 
208 LAND1 3296 352 
209 LAND1 3265 96 
210 LAND1 3329 96 
211 _LAND1 3267 63 
212 _LAND1 3331 64 
213 _LAND1 3265 31 
214 _LAND1 3331 31 
215 LAND1 3297 383 
216 LAND1 3295 417 
217 LAND1 3296 448 
218 LAND1 3296 129 
219 CUTMAN 3996 160 
220 OCTOPUS_D 568 385 
221 SCREW_BOMBER 1409 129 
222 LAND1 1889 513 
223 SCREW_BOMBER_D 1911 480 
224 BIGEYE 2175 191 
225 LAND1 2304 898 
226 OCTOPUS_D 3011 130 
227 MOVEMAP 1759 594 
228 LADDER10 1761 640 
229 MOVEMAP 2274 657 
230 MOVEMAP 2306 657 
231 MOVEMAP 2340 658 
232 MOVEMAP 2372 656 
233 MOVEMAP 2405 657 
234 MOVEMAP 2438 656 
235 LAND 1619 637 
236 LAND1 2723 225 
237 OCTOPUS_D 543 160 
238 OCTOPUS_D 1697 224 
239 LAND1 0 480 
240 LAND1 64 480 
241 LAND1 256 480 
242 LAND1 320 480 
243 LAND1 384 480 
244 LAND1 448 480 
245 LAND1 512 480 
246 LAND1 576 480 
247 LAND1 640 480 
248 LAND1 704 480 
249 LAND1 768 480 
250 LAND1 832 480 
251 LAND1 896 480 
252 LAND1 960 480 
253 LAND1 1024 480 
254 LAND1 1088 480 
255 LAND1 1152 480 
256 _LAND1 0 512 
257 _LAND1 64 512 
258 _LAND1 256 512 
259 _LAND1 320 512 
260 _LAND1 384 512 
261 _LAND1 448 512 
262 _LAND1 512 512 
263 _LAND1 576 512 
264 _LAND1 640 512 
265 _LAND1 704 512 
266 _LAND1 768 512 
267 _LAND1 832 512 
268 _LAND1 896 512 
269 _LAND1 960 512 
270 _LAND1 1024 512 
271 _LAND1 1088 512 
272 _LAND1 1152 512 
273 _LAND1 0 544 
274 _LAND1 64 544 
275 _LAND1 256 544 
276 _LAND1 320 544 
277 _LAND1 384 544 
278 _LAND1 448 544 
279 _LAND1 512 544 
280 _LAND1 576 544 
281 _LAND1 640 544 
282 _LAND1 704 544 
283 _LAND1 768 544 
284 _LAND1 832 544 
285 _LAND1 896 544 
286 _LAND1 960 544 
287 _LAND1 1024 544 
288 _LAND1 1088 544 
289 _LAND1 1152 544 
290 _LAND1 0 576 
291 _LAND1 64 576 
292 _LAND1 256 576 
293 _LAND1 320 576 
294 _LAND1 384 576 
295 _LAND1 448 576 
296 _LAND1 512 576 
297 _LAND1 576 576 
298 _LAND1 640 576 
299 _LAND1 704 576 
300 _LAND1 768 576 
301 _LAND1 832 576 
302 _LAND1 896 576 
303 _LAND1 960 576 
304 _LAND1 1024 576 
305 _LAND1 1088 576 
306 _LAND1 1152 576 
307 _LAND1 0 608 
308 _LAND1 64 608 
309 _LAND1 256 608 
310 _LAND1 320 608 
311 _LAND1 384 608 
312 _LAND1 448 608 
313 _LAND1 512 608 
314 _LAND1 576 608 
315 _LAND1 640 608 
316 _LAND1 704 608 
317 _LAND1 768 608 
318 _LAND1 832 608 
319 _LAND1 896 608 
320 _LAND1 960 608 
321 _LAND1 1024 608 
322 _LAND1 1088 608 
323 _LAND1 1152 608 
324 _LAND1 1216 512 
325 _LAND1 1280 512 
326 _LAND1 1344 512 
327 _LAND1 1408 512 
328 _LAND1 1472 512 
329 _LAND1 1536 512 
330 _LAND1 1600 512 
331 _LAND1 1216 544 
332 _LAND1 1280 544 
333 _LAND1 1344 544 
334 _LAND1 1408 544 
335 _LAND1 1472 544 
336 _LAND1 1536 544 
337 _LAND1 1600 544 
338 _LAND1 1216 576 
339 _LAND1 1280 576 
340 _LAND1 1344 576 
341 _LAND1 1408 576 
342 _LAND1 1472 576 
343 _LAND1 1536 576 
344 _LAND1 1600 576 
345 _LAND1 1216 608 
346 _LAND1 1280 608 
347 _LAND1 1344 608 
348 _LAND1 1408 608 
349 _LAND1 1472 608 
350 _LAND1 1536 608 
351 _LAND1 1600 608 
352 LAND1 1216 480 
353 LAND1 1280 480 
354 LAND1 1344 480 
355 LAND1 1408 480 
356 LAND1 1472 480 
357 LAND1 1536 480 
358 LAND1 1600 480 
359 LAND1 1664 480 
360 LAND1 1663 514 
361 LAND1 1663 546 
362 LAND1 1662 577 
363 LAND1 1664 604 
364 LAND1 2592 320 
365 LAND1 2592 352 
366 LAND1 2592 384 
367 LAND1 2592 416 
368 _LAND1 3296 480 
369 _LAND1 3360 480 
370 _LAND1 3424 480 
371 _LAND1 3488 480 
372 _LAND1 3552 480 
373 _LAND1 3616 480 
374 _LAND1 3680 480 
375 _LAND1 3744 480 
376 _LAND1 3808 480 
377 _LAND1 3872 480 
378 _LAND1 3936 480 
379 _LAND1 3296 512 
380 _LAND1 3360 512 
381 _LAND1 3424 512 
382 _LAND1 3488 512 
383 _LAND1 3552 512 
384 _LAND1 3616 512 
385 _LAND1 3680 512 
386 _LAND1 3744 512 
387 _LAND1 3808 512 
388 _LAND1 3872 512 
389 _LAND1 3936 512 
390 _LAND1 3296 544 
391 _LAND1 3360 544 
392 _LAND1 3424 544 
393 _LAND1 3488 544 
394 _LAND1 3552 544 
395 _LAND1 3616 544 
396 _LAND1 3680 544 
397 _LAND1 3744 544 
398 _LAND1 3808 544 
399 _LAND1 3872 544 
400 _LAND1 3936 544 
401 _LAND1 3296 576 
402 _LAND1 3360 576 
403 _LAND1 3424 576 
404 _LAND1 3488 576 
405 _LAND1 3552 576 
406 _LAND1 3616 576 
407 _LAND1 3680 576 
408 _LAND1 3744 576 
409 _LAND1 3808 576 
410 _LAND1 3872 576 
411 _LAND1 3936 576 
412 _LAND1 3296 608 
413 _LAND1 3360 608 
414 _LAND1 3424 608 
415 _LAND1 3488 608 
416 _LAND1 3552 608 
417 _LAND1 3616 608 
418 _LAND1 3680 608 
419 _LAND1 3744 608 
420 _LAND1 3808 608 
421 _LAND1 3872 608 
422 _LAND1 3936 608 
423 _LAND1 4030 479 
424 _LAND1 4000 479 
425 _LAND1 4034 544 
426 _LAND1 4031 573 
427 _LAND1 4031 604 
428 _LAND1 4001 606 
429 _LAND1 4002 574 
430 _LAND1 4001 544 
431 _LAND1 4033 512 
432 _LAND1 4000 513 
433 OCTOPUS_D 2615 243 
434 LAND1 1505 260 
435 OCTOPUS_D 2356 645 
436 SCREW_BOMBER_D 2320 867 
437 LAND1 3232 320 
438 LAND1 3232 352 
439 LAND1 3232 384 
440 LAND1 3232 416 
441 LAND1 3232 448 
442 LAND1 3232 480 
443 LAND1 3232 512 
444 LAND1 3232 544 
445 LAND1 3232 576 
446 LAND1 3232 608 
447 LAND1 1799 624 
448 BLADER 2048 734 
449 LAND1 3232 129 
<End>