2048 1024
1 LAND 0 32 
2 LAND 128 32 
3 LAND 256 32 
4 LAND 384 32 
5 LAND 512 32 
6 LAND 640 32 
7 LAND 768 32 
8 LAND 896 32 
9 LAND 1024 32 
10 LAND 1152 32 
11 LAND 1280 32 
12 LAND 1408 32 
13 LAND 1536 32 
14 LAND 1664 32 
15 LAND 1792 32 
16 LAND 1920 32 
17 _LAND 1216 480 
18 _LAND 1344 480 
19 _LAND 1472 480 
20 _LAND 1600 480 
21 _LAND 1728 480 
22 _LAND 1856 480 
23 _LAND 1216 512 
24 _LAND 1344 512 
25 _LAND 1472 512 
26 _LAND 1600 512 
27 _LAND 1728 512 
28 _LAND 1856 512 
29 _LAND 1216 544 
30 _LAND 1344 544 
31 _LAND 1472 544 
32 _LAND 1600 544 
33 _LAND 1728 544 
34 _LAND 1856 544 
35 _LAND 1216 576 
36 _LAND 1344 576 
37 _LAND 1472 576 
38 _LAND 1600 576 
39 _LAND 1728 576 
40 _LAND 1216 608 
41 _LAND 1344 608 
42 _LAND 1472 608 
43 _LAND 1600 608 
44 _LAND 1728 608 
45 _LAND 1856 608 
46 LAND 1862 575 
47 LAND 1184 64 
48 LAND 1184 320 
49 LAND 1184 352 
50 LAND 1184 384 
51 LAND 1184 416 
52 LAND 1184 448 
53 LAND 1184 288 
54 GUTSMAN 1864 98 
<End>